  14.116667  36.200001   -372
  14.133333  36.200001   -384
  14.150000  36.200001   -400
  14.166667  36.200001   -417
  14.183333  36.200001   -425
  14.200000  36.200001   -414
  14.216667  36.200001   -394
  14.233333  36.200001   -377
  14.250000  36.200001   -369
  14.266667  36.200001   -367
  14.283333  36.200001   -365
  14.300000  36.200001   -355
  14.316667  36.200001   -342
  14.333333  36.200001   -334
  14.350000  36.200001   -325
  14.366667  36.200001   -307
  14.383333  36.200001   -280
  14.400000  36.200001   -256
  14.416667  36.200001   -234
  14.433333  36.200001   -227
  14.450000  36.200001   -214
  14.466667  36.200001   -186
  14.483333  36.200001   -161
  14.500000  36.200001   -155
  14.516667  36.200001   -155
  14.533333  36.200001   -153
  14.550000  36.200001   -150
  14.566667  36.200001   -146
  14.583333  36.200001   -143
  14.600000  36.200001   -142
  14.616667  36.200001   -142
  14.633333  36.200001   -142
  14.650000  36.200001   -141
  14.116667  36.183334   -434
  14.133333  36.183334   -436
  14.150000  36.183334   -449
  14.166667  36.183334   -427
  14.183333  36.183334   -413
  14.200000  36.183334   -371
  14.216667  36.183334   -335
  14.233333  36.183334   -315
  14.250000  36.183334   -302
  14.266667  36.183334   -304
  14.283333  36.183334   -301
  14.300000  36.183334   -290
  14.316667  36.183334   -277
  14.333333  36.183334   -276
  14.350000  36.183334   -273
  14.366667  36.183334   -256
  14.383333  36.183334   -236
  14.400000  36.183334   -217
  14.416667  36.183334   -203
  14.433333  36.183334   -190
  14.450000  36.183334   -175
  14.466667  36.183334   -166
  14.483333  36.183334   -158
  14.500000  36.183334   -152
  14.516667  36.183334   -151
  14.533333  36.183334   -151
  14.550000  36.183334   -149
  14.566667  36.183334   -147
  14.583333  36.183334   -145
  14.600000  36.183334   -144
  14.616667  36.183334   -141
  14.633333  36.183334   -141
  14.650000  36.183334   -139
  14.116667  36.166667   -410
  14.133333  36.166667   -410
  14.150000  36.166667   -400
  14.166667  36.166667   -378
  14.183333  36.166667   -347
  14.200000  36.166667   -309
  14.216667  36.166667   -276
  14.233333  36.166667   -259
  14.250000  36.166667   -253
  14.266667  36.166667   -252
  14.283333  36.166667   -248
  14.300000  36.166667   -240
  14.316667  36.166667   -231
  14.333333  36.166667   -229
  14.350000  36.166667   -225
  14.366667  36.166667   -215
  14.383333  36.166667   -203
  14.400000  36.166667   -192
  14.416667  36.166667   -184
  14.433333  36.166667   -173
  14.450000  36.166667   -164
  14.466667  36.166667   -159
  14.483333  36.166667   -155
  14.500000  36.166667   -152
  14.516667  36.166667   -150
  14.533333  36.166667   -150
  14.550000  36.166667   -149
  14.566667  36.166667   -147
  14.583333  36.166667   -144
  14.600000  36.166667   -142
  14.616667  36.166667   -142
  14.633333  36.166667   -141
  14.650000  36.166667   -139
  14.116667  36.150001   -354
  14.133333  36.150001   -342
  14.150000  36.150001   -319
  14.166667  36.150001   -305
  14.183333  36.150001   -275
  14.200000  36.150001   -248
  14.216667  36.150001   -217
  14.233333  36.150001   -209
  14.250000  36.150001   -210
  14.266667  36.150001   -209
  14.283333  36.150001   -208
  14.300000  36.150001   -206
  14.316667  36.150001   -198
  14.333333  36.150001   -199
  14.350000  36.150001   -194
  14.366667  36.150001   -188
  14.383333  36.150001   -180
  14.400000  36.150001   -177
  14.416667  36.150001   -174
  14.433333  36.150001   -167
  14.450000  36.150001   -163
  14.466667  36.150001   -158
  14.483333  36.150001   -155
  14.500000  36.150001   -153
  14.516667  36.150001   -151
  14.533333  36.150001   -150
  14.550000  36.150001   -150
  14.566667  36.150001   -147
  14.583333  36.150001   -143
  14.600000  36.150001   -141
  14.616667  36.150001   -139
  14.633333  36.150001   -139
  14.650000  36.150001   -138
  14.116667  36.133334   -295
  14.133333  36.133334   -278
  14.150000  36.133334   -261
  14.166667  36.133334   -249
  14.183333  36.133334   -231
  14.200000  36.133334   -205
  14.216667  36.133334   -179
  14.233333  36.133334   -163
  14.250000  36.133334   -160
  14.266667  36.133334   -168
  14.283333  36.133334   -180
  14.300000  36.133334   -187
  14.316667  36.133334   -190
  14.333333  36.133334   -187
  14.350000  36.133334   -182
  14.366667  36.133334   -177
  14.383333  36.133334   -171
  14.400000  36.133334   -169
  14.416667  36.133334   -167
  14.433333  36.133334   -163
  14.450000  36.133334   -160
  14.466667  36.133334   -157
  14.483333  36.133334   -156
  14.500000  36.133334   -154
  14.516667  36.133334   -152
  14.533333  36.133334   -151
  14.550000  36.133334   -150
  14.566667  36.133334   -147
  14.583333  36.133334   -144
  14.600000  36.133334   -142
  14.616667  36.133334   -139
  14.633333  36.133334   -138
  14.650000  36.133334   -137
  14.116667  36.116667   -245
  14.133333  36.116667   -234
  14.150000  36.116667   -219
  14.166667  36.116667   -204
  14.183333  36.116667   -192
  14.200000  36.116667   -164
  14.216667  36.116667   -139
  14.233333  36.116667   -118
  14.250000  36.116667   -108
  14.266667  36.116667   -128
  14.283333  36.116667   -152
  14.300000  36.116667   -160
  14.316667  36.116667   -173
  14.333333  36.116667   -170
  14.350000  36.116667   -174
  14.366667  36.116667   -171
  14.383333  36.116667   -167
  14.400000  36.116667   -166
  14.416667  36.116667   -163
  14.433333  36.116667   -160
  14.450000  36.116667   -156
  14.466667  36.116667   -156
  14.483333  36.116667   -156
  14.500000  36.116667   -154
  14.516667  36.116667   -152
  14.533333  36.116667   -150
  14.550000  36.116667   -149
  14.566667  36.116667   -148
  14.583333  36.116667   -146
  14.600000  36.116667   -143
  14.616667  36.116667   -140
  14.633333  36.116667   -138
  14.650000  36.116667   -136
  14.116667  36.100001   -225
  14.133333  36.100001   -218
  14.150000  36.100001   -199
  14.166667  36.100001   -157
  14.183333  36.100001   -120
  14.200000  36.100001   -108
  14.216667  36.100001    -86
  14.233333  36.100001    -71
  14.250000  36.100001    -69
  14.266667  36.100001    -84
  14.283333  36.100001   -101
  14.300000  36.100001   -107
  14.316667  36.100001   -109
  14.333333  36.100001   -131
  14.350000  36.100001   -155
  14.366667  36.100001   -162
  14.383333  36.100001   -163
  14.400000  36.100001   -163
  14.416667  36.100001   -163
  14.433333  36.100001   -160
  14.450000  36.100001   -156
  14.466667  36.100001   -154
  14.483333  36.100001   -152
  14.500000  36.100001   -152
  14.516667  36.100001   -151
  14.533333  36.100001   -150
  14.550000  36.100001   -148
  14.566667  36.100001   -147
  14.583333  36.100001   -146
  14.600000  36.100001   -143
  14.616667  36.100001   -141
  14.633333  36.100001   -138
  14.650000  36.100001   -137
  14.116667  36.083334   -216
  14.133333  36.083334   -220
  14.150000  36.083334   -203
  14.166667  36.083334   -118
  14.183333  36.083334    -33
  14.200000  36.083334    -38
  14.216667  36.083334     -6
  14.233333  36.083334     -3
  14.250000  36.083334    -18
  14.266667  36.083334    -30
  14.283333  36.083334    -50
  14.300000  36.083334    -55
  14.316667  36.083334    -39
  14.333333  36.083334    -89
  14.350000  36.083334   -132
  14.366667  36.083334   -140
  14.383333  36.083334   -145
  14.400000  36.083334   -148
  14.416667  36.083334   -156
  14.433333  36.083334   -155
  14.450000  36.083334   -153
  14.466667  36.083334   -152
  14.483333  36.083334   -148
  14.500000  36.083334   -148
  14.516667  36.083334   -148
  14.533333  36.083334   -147
  14.550000  36.083334   -147
  14.566667  36.083334   -146
  14.583333  36.083334   -145
  14.600000  36.083334   -143
  14.616667  36.083334   -141
  14.633333  36.083334   -139
  14.650000  36.083334   -138
  14.116667  36.066667   -220
  14.133333  36.066667   -223
  14.150000  36.066667   -195
  14.166667  36.066667   -110
  14.183333  36.066667      1
  14.200000  36.066667    100
  14.216667  36.066667     98
  14.233333  36.066667     99
  14.250000  36.066667     52
  14.266667  36.066667     42
  14.283333  36.066667      1
  14.300000  36.066667    -16
  14.316667  36.066667    -42
  14.333333  36.066667    -62
  14.350000  36.066667    -84
  14.366667  36.066667    -98
  14.383333  36.066667   -105
  14.400000  36.066667   -114
  14.416667  36.066667   -126
  14.433333  36.066667   -138
  14.450000  36.066667   -148
  14.466667  36.066667   -149
  14.483333  36.066667   -146
  14.500000  36.066667   -144
  14.516667  36.066667   -143
  14.533333  36.066667   -144
  14.550000  36.066667   -145
  14.566667  36.066667   -145
  14.583333  36.066667   -144
  14.600000  36.066667   -143
  14.616667  36.066667   -142
  14.633333  36.066667   -140
  14.650000  36.066667   -138
  14.116667  36.050001   -221
  14.133333  36.050001   -226
  14.150000  36.050001   -208
  14.166667  36.050001   -126
  14.183333  36.050001    -20
  14.200000  36.050001     95
  14.216667  36.050001    128
  14.233333  36.050001     95
  14.250000  36.050001     75
  14.266667  36.050001    111
  14.283333  36.050001     68
  14.300000  36.050001     97
  14.316667  36.050001     54
  14.333333  36.050001    -27
  14.350000  36.050001    -40
  14.366667  36.050001    -57
  14.383333  36.050001    -64
  14.400000  36.050001    -78
  14.416667  36.050001    -89
  14.433333  36.050001   -111
  14.450000  36.050001   -134
  14.466667  36.050001   -136
  14.483333  36.050001   -137
  14.500000  36.050001   -135
  14.516667  36.050001   -136
  14.533333  36.050001   -140
  14.550000  36.050001   -143
  14.566667  36.050001   -142
  14.583333  36.050001   -141
  14.600000  36.050001   -141
  14.616667  36.050001   -142
  14.633333  36.050001   -140
  14.650000  36.050001   -138
  14.116667  36.033334   -230
  14.133333  36.033334   -228
  14.150000  36.033334   -216
  14.166667  36.033334   -161
  14.183333  36.033334    -26
  14.200000  36.033334    135
  14.216667  36.033334     82
  14.233333  36.033334     85
  14.250000  36.033334     86
  14.266667  36.033334     94
  14.283333  36.033334     99
  14.300000  36.033334     90
  14.316667  36.033334     81
  14.333333  36.033334     24
  14.350000  36.033334    -18
  14.366667  36.033334    -36
  14.383333  36.033334    -47
  14.400000  36.033334    -56
  14.416667  36.033334    -61
  14.433333  36.033334    -76
  14.450000  36.033334    -93
  14.466667  36.033334   -105
  14.483333  36.033334   -115
  14.500000  36.033334   -122
  14.516667  36.033334   -129
  14.533333  36.033334   -136
  14.550000  36.033334   -139
  14.566667  36.033334   -139
  14.583333  36.033334   -139
  14.600000  36.033334   -139
  14.616667  36.033334   -140
  14.633333  36.033334   -139
  14.650000  36.033334   -137
  14.116667  36.016667   -238
  14.133333  36.016667   -229
  14.150000  36.016667   -223
  14.166667  36.016667   -225
  14.183333  36.016667   -216
  14.200000  36.016667    -78
  14.216667  36.016667    -49
  14.233333  36.016667      0
  14.250000  36.016667     28
  14.266667  36.016667     43
  14.283333  36.016667     -7
  14.300000  36.016667    -16
  14.316667  36.016667     -8
  14.333333  36.016667     14
  14.350000  36.016667      2
  14.366667  36.016667    -18
  14.383333  36.016667    -33
  14.400000  36.016667    -45
  14.416667  36.016667    -36
  14.433333  36.016667    -49
  14.450000  36.016667    -56
  14.466667  36.016667    -73
  14.483333  36.016667    -88
  14.500000  36.016667   -106
  14.516667  36.016667   -121
  14.533333  36.016667   -130
  14.550000  36.016667   -135
  14.566667  36.016667   -135
  14.583333  36.016667   -135
  14.600000  36.016667   -136
  14.616667  36.016667   -137
  14.633333  36.016667   -137
  14.650000  36.016667   -136
  14.116667  36.000001   -257
  14.133333  36.000001   -239
  14.150000  36.000001   -236
  14.166667  36.000001   -244
  14.183333  36.000001   -240
  14.200000  36.000001   -193
  14.216667  36.000001   -148
  14.233333  36.000001   -109
  14.250000  36.000001    -89
  14.266667  36.000001    -86
  14.283333  36.000001    -99
  14.300000  36.000001    -76
  14.316667  36.000001    -29
  14.333333  36.000001     12
  14.350000  36.000001      9
  14.366667  36.000001     -2
  14.383333  36.000001    -12
  14.400000  36.000001    -21
  14.416667  36.000001    -30
  14.433333  36.000001    -43
  14.450000  36.000001    -47
  14.466667  36.000001    -55
  14.483333  36.000001    -67
  14.500000  36.000001    -89
  14.516667  36.000001   -110
  14.533333  36.000001   -122
  14.550000  36.000001   -127
  14.566667  36.000001   -131
  14.583333  36.000001   -132
  14.600000  36.000001   -134
  14.616667  36.000001   -135
  14.633333  36.000001   -134
  14.650000  36.000001   -134
  14.116667  35.983334   -282
  14.133333  35.983334   -255
  14.150000  35.983334   -243
  14.166667  35.983334   -238
  14.183333  35.983334   -227
  14.200000  35.983334   -224
  14.216667  35.983334   -209
  14.233333  35.983334   -192
  14.250000  35.983334   -196
  14.266667  35.983334   -188
  14.283333  35.983334   -182
  14.300000  35.983334   -109
  14.316667  35.983334    -32
  14.333333  35.983334     23
  14.350000  35.983334     24
  14.366667  35.983334     16
  14.383333  35.983334     -3
  14.400000  35.983334     -9
  14.416667  35.983334    -16
  14.433333  35.983334    -26
  14.450000  35.983334    -41
  14.466667  35.983334    -46
  14.483333  35.983334    -50
  14.500000  35.983334    -74
  14.516667  35.983334    -99
  14.533333  35.983334   -112
  14.550000  35.983334   -119
  14.566667  35.983334   -126
  14.583333  35.983334   -129
  14.600000  35.983334   -131
  14.616667  35.983334   -132
  14.633333  35.983334   -130
  14.650000  35.983334   -128
  14.116667  35.966667   -309
  14.133333  35.966667   -271
  14.150000  35.966667   -249
  14.166667  35.966667   -235
  14.183333  35.966667   -227
  14.200000  35.966667   -224
  14.216667  35.966667   -219
  14.233333  35.966667   -215
  14.250000  35.966667   -217
  14.266667  35.966667   -215
  14.283333  35.966667   -192
  14.300000  35.966667   -121
  14.316667  35.966667    -24
  14.333333  35.966667     11
  14.350000  35.966667     22
  14.366667  35.966667     55
  14.383333  35.966667     40
  14.400000  35.966667      1
  14.416667  35.966667     -4
  14.433333  35.966667     -9
  14.450000  35.966667    -24
  14.466667  35.966667    -41
  14.483333  35.966667    -48
  14.500000  35.966667    -61
  14.516667  35.966667    -80
  14.533333  35.966667   -100
  14.550000  35.966667   -116
  14.566667  35.966667   -123
  14.583333  35.966667   -126
  14.600000  35.966667   -128
  14.616667  35.966667   -128
  14.633333  35.966667   -123
  14.650000  35.966667   -116
  14.116667  35.950001   -342
  14.133333  35.950001   -289
  14.150000  35.950001   -260
  14.166667  35.950001   -238
  14.183333  35.950001   -229
  14.200000  35.950001   -217
  14.216667  35.950001   -207
  14.233333  35.950001   -205
  14.250000  35.950001   -197
  14.266667  35.950001   -204
  14.283333  35.950001   -188
  14.300000  35.950001   -149
  14.316667  35.950001    -97
  14.333333  35.950001     -1
  14.350000  35.950001     76
  14.366667  35.950001     80
  14.383333  35.950001     31
  14.400000  35.950001     42
  14.416667  35.950001     15
  14.433333  35.950001     22
  14.450000  35.950001     -1
  14.466667  35.950001    -16
  14.483333  35.950001    -30
  14.500000  35.950001    -43
  14.516667  35.950001    -59
  14.533333  35.950001    -82
  14.550000  35.950001   -105
  14.566667  35.950001   -110
  14.583333  35.950001   -117
  14.600000  35.950001   -122
  14.616667  35.950001   -123
  14.633333  35.950001   -116
  14.650000  35.950001   -104
  14.116667  35.933334   -384
  14.133333  35.933334   -316
  14.150000  35.933334   -273
  14.166667  35.933334   -248
  14.183333  35.933334   -232
  14.200000  35.933334   -216
  14.216667  35.933334   -204
  14.233333  35.933334   -198
  14.250000  35.933334   -194
  14.266667  35.933334   -193
  14.283333  35.933334   -186
  14.300000  35.933334   -167
  14.316667  35.933334   -109
  14.333333  35.933334      0
  14.350000  35.933334     44
  14.366667  35.933334     72
  14.383333  35.933334     91
  14.400000  35.933334     77
  14.416667  35.933334     22
  14.433333  35.933334     35
  14.450000  35.933334     54
  14.466667  35.933334     49
  14.483333  35.933334     17
  14.500000  35.933334    -17
  14.516667  35.933334    -40
  14.533333  35.933334    -55
  14.550000  35.933334    -65
  14.566667  35.933334    -82
  14.583333  35.933334    -99
  14.600000  35.933334   -111
  14.616667  35.933334   -116
  14.633333  35.933334   -111
  14.650000  35.933334   -101
  14.116667  35.916667   -449
  14.133333  35.916667   -374
  14.150000  35.916667   -318
  14.166667  35.916667   -289
  14.183333  35.916667   -259
  14.200000  35.916667   -230
  14.216667  35.916667   -208
  14.233333  35.916667   -194
  14.250000  35.916667   -193
  14.266667  35.916667   -186
  14.283333  35.916667   -181
  14.300000  35.916667   -185
  14.316667  35.916667   -136
  14.333333  35.916667     40
  14.350000  35.916667     65
  14.366667  35.916667     97
  14.383333  35.916667    103
  14.400000  35.916667     86
  14.416667  35.916667     66
  14.433333  35.916667     86
  14.450000  35.916667    121
  14.466667  35.916667    105
  14.483333  35.916667     50
  14.500000  35.916667     19
  14.516667  35.916667    -20
  14.533333  35.916667    -29
  14.550000  35.916667    -25
  14.566667  35.916667    -53
  14.583333  35.916667    -76
  14.600000  35.916667    -93
  14.616667  35.916667   -106
  14.633333  35.916667   -104
  14.650000  35.916667    -98
  14.116667  35.900001   -577
  14.133333  35.900001   -488
  14.150000  35.900001   -428
  14.166667  35.900001   -379
  14.183333  35.900001   -326
  14.200000  35.900001   -270
  14.216667  35.900001   -222
  14.233333  35.900001   -195
  14.250000  35.900001   -185
  14.266667  35.900001   -183
  14.283333  35.900001   -192
  14.300000  35.900001   -197
  14.316667  35.900001   -126
  14.333333  35.900001     61
  14.350000  35.900001    166
  14.366667  35.900001    195
  14.383333  35.900001    171
  14.400000  35.900001    133
  14.416667  35.900001     98
  14.433333  35.900001     85
  14.450000  35.900001     64
  14.466667  35.900001     56
  14.483333  35.900001     40
  14.500000  35.900001     14
  14.516667  35.900001      3
  14.533333  35.900001     -7
  14.550000  35.900001    -34
  14.566667  35.900001    -38
  14.583333  35.900001    -50
  14.600000  35.900001    -69
  14.616667  35.900001    -84
  14.633333  35.900001    -87
  14.650000  35.900001    -82
  14.116667  35.883334   -713
  14.133333  35.883334   -638
  14.150000  35.883334   -577
  14.166667  35.883334   -510
  14.183333  35.883334   -434
  14.200000  35.883334   -348
  14.216667  35.883334   -263
  14.233333  35.883334   -221
  14.250000  35.883334   -194
  14.266667  35.883334   -183
  14.283333  35.883334   -186
  14.300000  35.883334   -210
  14.316667  35.883334   -187
  14.333333  35.883334     -1
  14.350000  35.883334    131
  14.366667  35.883334    179
  14.383333  35.883334    163
  14.400000  35.883334    179
  14.416667  35.883334    119
  14.433333  35.883334     89
  14.450000  35.883334     59
  14.466667  35.883334     40
  14.483333  35.883334     29
  14.500000  35.883334     17
  14.516667  35.883334     20
  14.533333  35.883334     43
  14.550000  35.883334     29
  14.566667  35.883334    -13
  14.583333  35.883334    -25
  14.600000  35.883334    -52
  14.616667  35.883334    -70
  14.633333  35.883334    -77
  14.650000  35.883334    -71
  14.116667  35.866667   -872
  14.133333  35.866667   -801
  14.150000  35.866667   -735
  14.166667  35.866667   -661
  14.183333  35.866667   -573
  14.200000  35.866667   -472
  14.216667  35.866667   -372
  14.233333  35.866667   -294
  14.250000  35.866667   -236
  14.266667  35.866667   -202
  14.283333  35.866667   -191
  14.300000  35.866667   -198
  14.316667  35.866667   -185
  14.333333  35.866667   -112
  14.350000  35.866667     -2
  14.366667  35.866667    170
  14.383333  35.866667    206
  14.400000  35.866667    201
  14.416667  35.866667    137
  14.433333  35.866667    103
  14.450000  35.866667     88
  14.466667  35.866667     62
  14.483333  35.866667     46
  14.500000  35.866667     42
  14.516667  35.866667     51
  14.533333  35.866667     42
  14.550000  35.866667     31
  14.566667  35.866667     19
  14.583333  35.866667    -20
  14.600000  35.866667    -49
  14.616667  35.866667    -76
  14.633333  35.866667    -85
  14.650000  35.866667    -83
  14.116667  35.850001   -990
  14.133333  35.850001   -931
  14.150000  35.850001   -875
  14.166667  35.850001   -804
  14.183333  35.850001   -725
  14.200000  35.850001   -623
  14.216667  35.850001   -514
  14.233333  35.850001   -412
  14.250000  35.850001   -316
  14.266667  35.850001   -245
  14.283333  35.850001   -199
  14.300000  35.850001   -181
  14.316667  35.850001   -183
  14.333333  35.850001   -188
  14.350000  35.850001   -175
  14.366667  35.850001    -28
  14.383333  35.850001     82
  14.400000  35.850001    201
  14.416667  35.850001    167
  14.433333  35.850001    116
  14.450000  35.850001     92
  14.466667  35.850001     83
  14.483333  35.850001     77
  14.500000  35.850001     69
  14.516667  35.850001     60
  14.533333  35.850001     53
  14.550000  35.850001     33
  14.566667  35.850001     12
  14.583333  35.850001    -27
  14.600000  35.850001    -42
  14.616667  35.850001    -97
  14.633333  35.850001   -103
  14.650000  35.850001    -97
  14.116667  35.833334  -1025
  14.133333  35.833334   -996
  14.150000  35.833334   -958
  14.166667  35.833334   -912
  14.183333  35.833334   -854
  14.200000  35.833334   -775
  14.216667  35.833334   -680
  14.233333  35.833334   -567
  14.250000  35.833334   -446
  14.266667  35.833334   -327
  14.283333  35.833334   -230
  14.300000  35.833334   -186
  14.316667  35.833334   -179
  14.333333  35.833334   -194
  14.350000  35.833334   -190
  14.366667  35.833334   -131
  14.383333  35.833334    -62
  14.400000  35.833334     -7
  14.416667  35.833334     76
  14.433333  35.833334    111
  14.450000  35.833334    113
  14.466667  35.833334     99
  14.483333  35.833334     98
  14.500000  35.833334     78
  14.516667  35.833334     47
  14.533333  35.833334     18
  14.550000  35.833334      3
  14.566667  35.833334      9
  14.583333  35.833334    -33
  14.600000  35.833334    -75
  14.616667  35.833334   -106
  14.633333  35.833334   -114
  14.650000  35.833334   -109
  14.116667  35.816667  -1017
  14.133333  35.816667  -1011
  14.150000  35.816667   -997
  14.166667  35.816667   -980
  14.183333  35.816667   -953
  14.200000  35.816667   -901
  14.216667  35.816667   -833
  14.233333  35.816667   -727
  14.250000  35.816667   -603
  14.266667  35.816667   -454
  14.283333  35.816667   -308
  14.300000  35.816667   -246
  14.316667  35.816667   -202
  14.333333  35.816667   -194
  14.350000  35.816667   -180
  14.366667  35.816667   -167
  14.383333  35.816667   -144
  14.400000  35.816667    -96
  14.416667  35.816667    -71
  14.433333  35.816667    -20
  14.450000  35.816667     -7
  14.466667  35.816667     11
  14.483333  35.816667     41
  14.500000  35.816667     61
  14.516667  35.816667     30
  14.533333  35.816667     16
  14.550000  35.816667     -6
  14.566667  35.816667    -14
  14.583333  35.816667    -93
  14.600000  35.816667   -115
  14.616667  35.816667   -123
  14.633333  35.816667   -122
  14.650000  35.816667   -116
  14.116667  35.800001   -989
  14.133333  35.800001   -998
  14.150000  35.800001  -1005
  14.166667  35.800001  -1008
  14.183333  35.800001  -1002
  14.200000  35.800001   -977
  14.216667  35.800001   -930
  14.233333  35.800001   -856
  14.250000  35.800001   -756
  14.266667  35.800001   -628
  14.283333  35.800001   -500
  14.300000  35.800001   -394
  14.316667  35.800001   -307
  14.333333  35.800001   -242
  14.350000  35.800001   -198
  14.366667  35.800001   -186
  14.383333  35.800001   -149
  14.400000  35.800001    -69
  14.416667  35.800001    -46
  14.433333  35.800001    -49
  14.450000  35.800001    -87
  14.466667  35.800001    -86
  14.483333  35.800001    -63
  14.500000  35.800001    -35
  14.516667  35.800001    -18
  14.533333  35.800001    -22
  14.550000  35.800001    -33
  14.566667  35.800001    -47
  14.583333  35.800001   -112
  14.600000  35.800001   -137
  14.616667  35.800001   -137
  14.633333  35.800001   -134
  14.650000  35.800001   -130
  14.116667  35.783334   -944
  14.133333  35.783334   -966
  14.150000  35.783334   -986
  14.166667  35.783334  -1008
  14.183333  35.783334  -1017
  14.200000  35.783334  -1013
  14.216667  35.783334   -988
  14.233333  35.783334   -946
  14.250000  35.783334   -886
  14.266667  35.783334   -792
  14.283333  35.783334   -698
  14.300000  35.783334   -577
  14.316667  35.783334   -460
  14.333333  35.783334   -345
  14.350000  35.783334   -246
  14.366667  35.783334   -236
  14.383333  35.783334   -192
  14.400000  35.783334    -20
  14.416667  35.783334    -30
  14.433333  35.783334   -100
  14.450000  35.783334   -166
  14.466667  35.783334   -161
  14.483333  35.783334   -155
  14.500000  35.783334   -135
  14.516667  35.783334   -148
  14.533333  35.783334   -124
  14.550000  35.783334   -144
  14.566667  35.783334   -129
  14.583333  35.783334   -149
  14.600000  35.783334   -149
  14.616667  35.783334   -143
  14.633333  35.783334   -143
  14.650000  35.783334   -144
  14.116667  35.766667   -890
  14.133333  35.766667   -920
  14.150000  35.766667   -953
  14.166667  35.766667   -986
  14.183333  35.766667  -1012
  14.200000  35.766667  -1022
  14.216667  35.766667  -1015
  14.233333  35.766667   -990
  14.250000  35.766667   -949
  14.266667  35.766667   -892
  14.283333  35.766667   -823
  14.300000  35.766667   -735
  14.316667  35.766667   -629
  14.333333  35.766667   -500
  14.350000  35.766667   -391
  14.366667  35.766667   -331
  14.383333  35.766667   -268
  14.400000  35.766667   -180
  14.416667  35.766667   -158
  14.433333  35.766667   -174
  14.450000  35.766667   -188
  14.466667  35.766667   -185
  14.483333  35.766667   -175
  14.500000  35.766667   -167
  14.516667  35.766667   -166
  14.533333  35.766667   -163
  14.550000  35.766667   -165
  14.566667  35.766667   -161
  14.583333  35.766667   -157
  14.600000  35.766667   -153
  14.616667  35.766667   -150
  14.633333  35.766667   -152
  14.650000  35.766667   -153
  14.116667  35.750001   -821
  14.133333  35.750001   -854
  14.150000  35.750001   -898
  14.166667  35.750001   -940
  14.183333  35.750001   -981
  14.200000  35.750001  -1003
  14.216667  35.750001  -1011
  14.233333  35.750001   -998
  14.250000  35.750001   -969
  14.266667  35.750001   -939
  14.283333  35.750001   -896
  14.300000  35.750001   -846
  14.316667  35.750001   -779
  14.333333  35.750001   -648
  14.350000  35.750001   -531
  14.366667  35.750001   -456
  14.383333  35.750001   -408
  14.400000  35.750001   -359
  14.416667  35.750001   -330
  14.433333  35.750001   -278
  14.450000  35.750001   -227
  14.466667  35.750001   -211
  14.483333  35.750001   -184
  14.500000  35.750001   -179
  14.516667  35.750001   -162
  14.533333  35.750001   -166
  14.550000  35.750001   -161
  14.566667  35.750001   -163
  14.583333  35.750001   -158
  14.600000  35.750001   -156
  14.616667  35.750001   -155
  14.633333  35.750001   -158
  14.650000  35.750001   -160
  14.116667  35.733334   -735
  14.133333  35.733334   -769
  14.150000  35.733334   -813
  14.166667  35.733334   -865
  14.183333  35.733334   -915
  14.200000  35.733334   -953
  14.216667  35.733334   -976
  14.233333  35.733334   -980
  14.250000  35.733334   -970
  14.266667  35.733334   -953
  14.283333  35.733334   -927
  14.300000  35.733334   -891
  14.316667  35.733334   -832
  14.333333  35.733334   -740
  14.350000  35.733334   -645
  14.366667  35.733334   -572
  14.383333  35.733334   -525
  14.400000  35.733334   -491
  14.416667  35.733334   -453
  14.433333  35.733334   -395
  14.450000  35.733334   -335
  14.466667  35.733334   -290
  14.483333  35.733334   -253
  14.500000  35.733334   -228
  14.516667  35.733334   -205
  14.533333  35.733334   -186
  14.550000  35.733334   -172
  14.566667  35.733334   -169
  14.583333  35.733334   -167
  14.600000  35.733334   -163
  14.616667  35.733334   -160
  14.633333  35.733334   -162
  14.650000  35.733334   -164
  14.116667  35.716667   -649
  14.133333  35.716667   -679
  14.150000  35.716667   -717
  14.166667  35.716667   -774
  14.183333  35.716667   -831
  14.200000  35.716667   -879
  14.216667  35.716667   -916
  14.233333  35.716667   -935
  14.250000  35.716667   -942
  14.266667  35.716667   -935
  14.283333  35.716667   -917
  14.300000  35.716667   -890
  14.316667  35.716667   -843
  14.333333  35.716667   -780
  14.350000  35.716667   -711
  14.366667  35.716667   -650
  14.383333  35.716667   -607
  14.400000  35.716667   -575
  14.416667  35.716667   -545
  14.433333  35.716667   -496
  14.450000  35.716667   -447
  14.466667  35.716667   -391
  14.483333  35.716667   -344
  14.500000  35.716667   -305
  14.516667  35.716667   -269
  14.533333  35.716667   -227
  14.550000  35.716667   -193
  14.566667  35.716667   -188
  14.583333  35.716667   -187
  14.600000  35.716667   -178
  14.616667  35.716667   -166
  14.633333  35.716667   -163
  14.650000  35.716667   -164
  14.116667  35.700001   -583
  14.133333  35.700001   -602
  14.150000  35.700001   -634
  14.166667  35.700001   -682
  14.183333  35.700001   -736
  14.200000  35.700001   -788
  14.216667  35.700001   -830
  14.233333  35.700001   -861
  14.250000  35.700001   -879
  14.266667  35.700001   -883
  14.283333  35.700001   -876
  14.300000  35.700001   -856
  14.316667  35.700001   -824
  14.333333  35.700001   -780
  14.350000  35.700001   -730
  14.366667  35.700001   -682
  14.383333  35.700001   -643
  14.400000  35.700001   -614
  14.416667  35.700001   -588
  14.433333  35.700001   -557
  14.450000  35.700001   -522
  14.466667  35.700001   -477
  14.483333  35.700001   -433
  14.500000  35.700001   -387
  14.516667  35.700001   -337
  14.533333  35.700001   -281
  14.550000  35.700001   -237
  14.566667  35.700001   -223
  14.583333  35.700001   -217
  14.600000  35.700001   -201
  14.616667  35.700001   -180
  14.633333  35.700001   -163
  14.650000  35.700001   -153
  14.116667  35.683334   -532
  14.133333  35.683334   -542
  14.150000  35.683334   -560
  14.166667  35.683334   -597
  14.183333  35.683334   -642
  14.200000  35.683334   -688
  14.216667  35.683334   -731
  14.233333  35.683334   -766
  14.250000  35.683334   -791
  14.266667  35.683334   -803
  14.283333  35.683334   -806
  14.300000  35.683334   -795
  14.316667  35.683334   -776
  14.333333  35.683334   -745
  14.350000  35.683334   -710
  14.366667  35.683334   -674
  14.383333  35.683334   -641
  14.400000  35.683334   -618
  14.416667  35.683334   -597
  14.433333  35.683334   -580
  14.450000  35.683334   -561
  14.466667  35.683334   -528
  14.483333  35.683334   -495
  14.500000  35.683334   -450
  14.516667  35.683334   -403
  14.533333  35.683334   -337
  14.550000  35.683334   -281
  14.566667  35.683334   -267
  14.583333  35.683334   -258
  14.600000  35.683334   -232
  14.616667  35.683334   -198
  14.633333  35.683334   -174
  14.650000  35.683334   -149
  14.116667  35.666667   -496
  14.133333  35.666667   -497
  14.150000  35.666667   -505
  14.166667  35.666667   -525
  14.183333  35.666667   -554
  14.200000  35.666667   -589
  14.216667  35.666667   -626
  14.233333  35.666667   -658
  14.250000  35.666667   -683
  14.266667  35.666667   -700
  14.283333  35.666667   -707
  14.300000  35.666667   -706
  14.316667  35.666667   -697
  14.333333  35.666667   -681
  14.350000  35.666667   -660
  14.366667  35.666667   -638
  14.383333  35.666667   -616
  14.400000  35.666667   -599
  14.416667  35.666667   -584
  14.433333  35.666667   -570
  14.450000  35.666667   -554
  14.466667  35.666667   -533
  14.483333  35.666667   -507
  14.500000  35.666667   -475
  14.516667  35.666667   -435
  14.533333  35.666667   -386
  14.550000  35.666667   -342
  14.566667  35.666667   -311
  14.583333  35.666667   -288
  14.600000  35.666667   -260
  14.616667  35.666667   -231
  14.633333  35.666667   -201
  14.650000  35.666667   -177
