14.11667 36.20000 -372
14.12500 36.20000 -403
14.13333 36.20000 -384
14.14167 36.20000 -416
14.15000 36.20000 -400
14.15833 36.20000 -429
14.16667 36.20000 -417
14.17500 36.20000 -436
14.18333 36.20000 -425
14.19167 36.20000 -430
14.20000 36.20000 -414
14.20833 36.20000 -411
14.21667 36.20000 -394
14.22500 36.20000 -391
14.23333 36.20000 -377
14.24167 36.20000 -378
14.25000 36.20000 -369
14.25833 36.20000 -373
14.26667 36.20000 -367
14.27500 36.20000 -371
14.28333 36.20000 -365
14.29167 36.20000 -365
14.30000 36.20000 -355
14.30833 36.20000 -353
14.31667 36.20000 -342
14.32500 36.20000 -343
14.33333 36.20000 -334
14.34167 36.20000 -336
14.35000 36.20000 -325
14.35833 36.20000 -323
14.36667 36.20000 -307
14.37500 36.20000 -301
14.38333 36.20000 -280
14.39167 36.20000 -277
14.40000 36.20000 -256
14.40833 36.20000 -255
14.41667 36.20000 -234
14.42500 36.20000 -240
14.43333 36.20000 -227
14.44167 36.20000 -230
14.45000 36.20000 -214
14.45833 36.20000 -211
14.46667 36.20000 -186
14.47500 36.20000 -187
14.48333 36.20000 -161
14.49167 36.20000 -173
14.50000 36.20000 -155
14.50833 36.20000 -170
14.51667 36.20000 -155
14.52500 36.20000 -169
14.53333 36.20000 -153
14.54167 36.20000 -167
14.55000 36.20000 -150
14.55833 36.20000 -164
14.56667 36.20000 -146
14.57500 36.20000 -160
14.58333 36.20000 -143
14.59167 36.20000 -158
14.60000 36.20000 -142
14.60833 36.20000 -158
14.61667 36.20000 -142
14.62500 36.20000 -157
14.63333 36.20000 -142
14.64167 36.20000 -157
14.65000 36.20000 -141
14.11667 36.19167 -420
14.12500 36.19167 -418
14.13333 36.19167 -428
14.14167 36.19167 -429
14.15000 36.19167 -440
14.15833 36.19167 -435
14.16667 36.19167 -439
14.17500 36.19167 -432
14.18333 36.19167 -434
14.19167 36.19167 -417
14.20000 36.19167 -410
14.20833 36.19167 -390
14.21667 36.19167 -383
14.22500 36.19167 -367
14.23333 36.19167 -365
14.24167 36.19167 -352
14.25000 36.19167 -354
14.25833 36.19167 -347
14.26667 36.19167 -353
14.27500 36.19167 -346
14.28333 36.19167 -350
14.29167 36.19167 -339
14.30000 36.19167 -340
14.30833 36.19167 -328
14.31667 36.19167 -328
14.32500 36.19167 -319
14.33333 36.19167 -322
14.34167 36.19167 -314
14.35000 36.19167 -315
14.35833 36.19167 -302
14.36667 36.19167 -298
14.37500 36.19167 -281
14.38333 36.19167 -276
14.39167 36.19167 -259
14.40000 36.19167 -254
14.40833 36.19167 -239
14.41667 36.19167 -237
14.42500 36.19167 -225
14.43333 36.19167 -226
14.44167 36.19167 -213
14.45000 36.19167 -211
14.45833 36.19167 -197
14.46667 36.19167 -194
14.47500 36.19167 -179
14.48333 36.19167 -178
14.49167 36.19167 -168
14.50000 36.19167 -172
14.50833 36.19167 -165
14.51667 36.19167 -170
14.52500 36.19167 -164
14.53333 36.19167 -169
14.54167 36.19167 -162
14.55000 36.19167 -167
14.55833 36.19167 -160
14.56667 36.19167 -164
14.57500 36.19167 -157
14.58333 36.19167 -162
14.59167 36.19167 -155
14.60000 36.19167 -160
14.60833 36.19167 -154
14.61667 36.19167 -159
14.62500 36.19167 -153
14.63333 36.19167 -159
14.64167 36.19167 -152
14.65000 36.19167 -156
14.11667 36.18333 -434
14.12500 36.18333 -442
14.13333 36.18333 -436
14.14167 36.18333 -449
14.15000 36.18333 -449
14.15833 36.18333 -446
14.16667 36.18333 -427
14.17500 36.18333 -430
14.18333 36.18333 -413
14.19167 36.18333 -405
14.20000 36.18333 -371
14.20833 36.18333 -369
14.21667 36.18333 -335
14.22500 36.18333 -343
14.23333 36.18333 -315
14.24167 36.18333 -328
14.25000 36.18333 -302
14.25833 36.18333 -322
14.26667 36.18333 -304
14.27500 36.18333 -321
14.28333 36.18333 -301
14.29167 36.18333 -315
14.30000 36.18333 -290
14.30833 36.18333 -303
14.31667 36.18333 -277
14.32500 36.18333 -296
14.33333 36.18333 -276
14.34167 36.18333 -293
14.35000 36.18333 -273
14.35833 36.18333 -283
14.36667 36.18333 -256
14.37500 36.18333 -265
14.38333 36.18333 -236
14.39167 36.18333 -246
14.40000 36.18333 -217
14.40833 36.18333 -229
14.41667 36.18333 -203
14.42500 36.18333 -216
14.43333 36.18333 -190
14.44167 36.18333 -203
14.45000 36.18333 -175
14.45833 36.18333 -191
14.46667 36.18333 -166
14.47500 36.18333 -180
14.48333 36.18333 -158
14.49167 36.18333 -173
14.50000 36.18333 -152
14.50833 36.18333 -169
14.51667 36.18333 -151
14.52500 36.18333 -169
14.53333 36.18333 -151
14.54167 36.18333 -168
14.55000 36.18333 -149
14.55833 36.18333 -166
14.56667 36.18333 -147
14.57500 36.18333 -163
14.58333 36.18333 -145
14.59167 36.18333 -162
14.60000 36.18333 -144
14.60833 36.18333 -160
14.61667 36.18333 -141
14.62500 36.18333 -159
14.63333 36.18333 -141
14.64167 36.18333 -158
14.65000 36.18333 -139
14.11667 36.17500 -438
14.12500 36.17500 -434
14.13333 36.17500 -441
14.14167 36.17500 -435
14.15000 36.17500 -439
14.15833 36.17500 -425
14.16667 36.17500 -420
14.17500 36.17500 -403
14.18333 36.17500 -395
14.19167 36.17500 -372
14.20000 36.17500 -358
14.20833 36.17500 -334
14.21667 36.17500 -325
14.22500 36.17500 -308
14.23333 36.17500 -306
14.24167 36.17500 -294
14.25000 36.17500 -296
14.25833 36.17500 -289
14.26667 36.17500 -295
14.27500 36.17500 -288
14.28333 36.17500 -291
14.29167 36.17500 -281
14.30000 36.17500 -282
14.30833 36.17500 -271
14.31667 36.17500 -273
14.32500 36.17500 -265
14.33333 36.17500 -270
14.34167 36.17500 -262
14.35000 36.17500 -265
14.35833 36.17500 -254
14.36667 36.17500 -253
14.37500 36.17500 -239
14.38333 36.17500 -237
14.39167 36.17500 -224
14.40000 36.17500 -223
14.40833 36.17500 -211
14.41667 36.17500 -211
14.42500 36.17500 -199
14.43333 36.17500 -199
14.44167 36.17500 -187
14.45000 36.17500 -188
14.45833 36.17500 -178
14.46667 36.17500 -180
14.47500 36.17500 -171
14.48333 36.17500 -174
14.49167 36.17500 -166
14.50000 36.17500 -170
14.50833 36.17500 -163
14.51667 36.17500 -168
14.52500 36.17500 -162
14.53333 36.17500 -168
14.54167 36.17500 -161
14.55000 36.17500 -166
14.55833 36.17500 -160
14.56667 36.17500 -164
14.57500 36.17500 -157
14.58333 36.17500 -162
14.59167 36.17500 -155
14.60000 36.17500 -161
14.60833 36.17500 -154
14.61667 36.17500 -159
14.62500 36.17500 -153
14.63333 36.17500 -158
14.64167 36.17500 -152
14.65000 36.17500 -155
14.11667 36.16667 -410
14.12500 36.16667 -423
14.13333 36.16667 -410
14.14167 36.16667 -418
14.15000 36.16667 -400
14.15833 36.16667 -403
14.16667 36.16667 -378
14.17500 36.16667 -378
14.18333 36.16667 -347
14.19167 36.16667 -345
14.20000 36.16667 -309
14.20833 36.16667 -310
14.21667 36.16667 -276
14.22500 36.16667 -285
14.23333 36.16667 -259
14.24167 36.16667 -274
14.25000 36.16667 -253
14.25833 36.16667 -271
14.26667 36.16667 -252
14.27500 36.16667 -269
14.28333 36.16667 -248
14.29167 36.16667 -263
14.30000 36.16667 -240
14.30833 36.16667 -255
14.31667 36.16667 -231
14.32500 36.16667 -249
14.33333 36.16667 -229
14.34167 36.16667 -247
14.35000 36.16667 -225
14.35833 36.16667 -239
14.36667 36.16667 -215
14.37500 36.16667 -228
14.38333 36.16667 -203
14.39167 36.16667 -216
14.40000 36.16667 -192
14.40833 36.16667 -207
14.41667 36.16667 -184
14.42500 36.16667 -197
14.43333 36.16667 -173
14.44167 36.16667 -187
14.45000 36.16667 -164
14.45833 36.16667 -180
14.46667 36.16667 -159
14.47500 36.16667 -175
14.48333 36.16667 -155
14.49167 36.16667 -171
14.50000 36.16667 -152
14.50833 36.16667 -169
14.51667 36.16667 -150
14.52500 36.16667 -168
14.53333 36.16667 -150
14.54167 36.16667 -167
14.55000 36.16667 -149
14.55833 36.16667 -166
14.56667 36.16667 -147
14.57500 36.16667 -163
14.58333 36.16667 -144
14.59167 36.16667 -161
14.60000 36.16667 -142
14.60833 36.16667 -159
14.61667 36.16667 -142
14.62500 36.16667 -159
14.63333 36.16667 -141
14.64167 36.16667 -157
14.65000 36.16667 -139
14.11667 36.15833 -397
14.12500 36.15833 -391
14.13333 36.15833 -392
14.14167 36.15833 -379
14.15000 36.15833 -377
14.15833 36.15833 -362
14.16667 36.15833 -357
14.17500 36.15833 -338
14.18333 36.15833 -328
14.19167 36.15833 -306
14.20000 36.15833 -296
14.20833 36.15833 -274
14.21667 36.15833 -266
14.22500 36.15833 -252
14.23333 36.15833 -253
14.24167 36.15833 -244
14.25000 36.15833 -249
14.25833 36.15833 -243
14.26667 36.15833 -248
14.27500 36.15833 -241
14.28333 36.15833 -245
14.29167 36.15833 -237
14.30000 36.15833 -240
14.30833 36.15833 -230
14.31667 36.15833 -233
14.32500 36.15833 -226
14.33333 36.15833 -231
14.34167 36.15833 -223
14.35000 36.15833 -227
14.35833 36.15833 -217
14.36667 36.15833 -219
14.37500 36.15833 -208
14.38333 36.15833 -209
14.39167 36.15833 -200
14.40000 36.15833 -202
14.40833 36.15833 -193
14.41667 36.15833 -196
14.42500 36.15833 -186
14.43333 36.15833 -188
14.44167 36.15833 -178
14.45000 36.15833 -181
14.45833 36.15833 -173
14.46667 36.15833 -176
14.47500 36.15833 -168
14.48333 36.15833 -173
14.49167 36.15833 -165
14.50000 36.15833 -170
14.50833 36.15833 -163
14.51667 36.15833 -168
14.52500 36.15833 -162
14.53333 36.15833 -168
14.54167 36.15833 -161
14.55000 36.15833 -167
14.55833 36.15833 -160
14.56667 36.15833 -164
14.57500 36.15833 -157
14.58333 36.15833 -161
14.59167 36.15833 -154
14.60000 36.15833 -159
14.60833 36.15833 -153
14.61667 36.15833 -158
14.62500 36.15833 -152
14.63333 36.15833 -157
14.64167 36.15833 -151
14.65000 36.15833 -154
14.11667 36.15000 -354
14.12500 36.15000 -366
14.13333 36.15000 -342
14.14167 36.15000 -350
14.15000 36.15000 -319
14.15833 36.15000 -332
14.16667 36.15000 -305
14.17500 36.15000 -310
14.18333 36.15000 -275
14.19167 36.15000 -282
14.20000 36.15000 -248
14.20833 36.15000 -252
14.21667 36.15000 -217
14.22500 36.15000 -232
14.23333 36.15000 -209
14.24167 36.15000 -227
14.25000 36.15000 -210
14.25833 36.15000 -227
14.26667 36.15000 -209
14.27500 36.15000 -227
14.28333 36.15000 -208
14.29167 36.15000 -226
14.30000 36.15000 -206
14.30833 36.15000 -222
14.31667 36.15000 -198
14.32500 36.15000 -219
14.33333 36.15000 -199
14.34167 36.15000 -216
14.35000 36.15000 -194
14.35833 36.15000 -211
14.36667 36.15000 -188
14.37500 36.15000 -203
14.38333 36.15000 -180
14.39167 36.15000 -197
14.40000 36.15000 -177
14.40833 36.15000 -194
14.41667 36.15000 -174
14.42500 36.15000 -188
14.43333 36.15000 -167
14.44167 36.15000 -183
14.45000 36.15000 -163
14.45833 36.15000 -178
14.46667 36.15000 -158
14.47500 36.15000 -174
14.48333 36.15000 -155
14.49167 36.15000 -172
14.50000 36.15000 -153
14.50833 36.15000 -170
14.51667 36.15000 -151
14.52500 36.15000 -168
14.53333 36.15000 -150
14.54167 36.15000 -168
14.55000 36.15000 -150
14.55833 36.15000 -166
14.56667 36.15000 -147
14.57500 36.15000 -163
14.58333 36.15000 -143
14.59167 36.15000 -160
14.60000 36.15000 -141
14.60833 36.15000 -158
14.61667 36.15000 -139
14.62500 36.15000 -157
14.63333 36.15000 -139
14.64167 36.15000 -156
14.65000 36.15000 -138
14.11667 36.14167 -338
14.12500 36.14167 -329
14.13333 36.14167 -327
14.14167 36.14167 -312
14.15000 36.14167 -308
14.15833 36.14167 -295
14.16667 36.14167 -293
14.17500 36.14167 -277
14.18333 36.14167 -270
14.19167 36.14167 -251
14.20000 36.14167 -244
14.20833 36.14167 -224
14.21667 36.14167 -218
14.22500 36.14167 -204
14.23333 36.14167 -205
14.24167 36.14167 -197
14.25000 36.14167 -203
14.25833 36.14167 -198
14.26667 36.14167 -206
14.27500 36.14167 -203
14.28333 36.14167 -211
14.29167 36.14167 -207
14.30000 36.14167 -213
14.30833 36.14167 -207
14.31667 36.14167 -212
14.32500 36.14167 -205
14.33333 36.14167 -210
14.34167 36.14167 -202
14.35000 36.14167 -205
14.35833 36.14167 -197
14.36667 36.14167 -200
14.37500 36.14167 -191
14.38333 36.14167 -194
14.39167 36.14167 -186
14.40000 36.14167 -191
14.40833 36.14167 -183
14.41667 36.14167 -188
14.42500 36.14167 -179
14.43333 36.14167 -183
14.44167 36.14167 -175
14.45000 36.14167 -179
14.45833 36.14167 -171
14.46667 36.14167 -175
14.47500 36.14167 -168
14.48333 36.14167 -173
14.49167 36.14167 -166
14.50000 36.14167 -171
14.50833 36.14167 -164
14.51667 36.14167 -169
14.52500 36.14167 -163
14.53333 36.14167 -168
14.54167 36.14167 -162
14.55000 36.14167 -167
14.55833 36.14167 -160
14.56667 36.14167 -164
14.57500 36.14167 -157
14.58333 36.14167 -161
14.59167 36.14167 -154
14.60000 36.14167 -159
14.60833 36.14167 -152
14.61667 36.14167 -157
14.62500 36.14167 -150
14.63333 36.14167 -156
14.64167 36.14167 -150
14.65000 36.14167 -153
14.11667 36.13334 -295
14.12500 36.13334 -306
14.13333 36.13334 -278
14.14167 36.13334 -289
14.15000 36.13334 -261
14.15833 36.13334 -274
14.16667 36.13334 -249
14.17500 36.13334 -259
14.18333 36.13334 -231
14.19167 36.13334 -236
14.20000 36.13334 -205
14.20833 36.13334 -210
14.21667 36.13334 -179
14.22500 36.13334 -188
14.23333 36.13334 -163
14.24167 36.13334 -179
14.25000 36.13334 -160
14.25833 36.13334 -181
14.26667 36.13334 -168
14.27500 36.13334 -192
14.28333 36.13334 -180
14.29167 36.13334 -201
14.30000 36.13334 -187
14.30833 36.13334 -205
14.31667 36.13334 -190
14.32500 36.13334 -205
14.33333 36.13334 -187
14.34167 36.13334 -202
14.35000 36.13334 -182
14.35833 36.13334 -198
14.36667 36.13334 -177
14.37500 36.13334 -192
14.38333 36.13334 -171
14.39167 36.13334 -188
14.40000 36.13334 -169
14.40833 36.13334 -186
14.41667 36.13334 -167
14.42500 36.13334 -183
14.43333 36.13334 -163
14.44167 36.13334 -179
14.45000 36.13334 -160
14.45833 36.13334 -176
14.46667 36.13334 -157
14.47500 36.13334 -174
14.48333 36.13334 -156
14.49167 36.13334 -172
14.50000 36.13334 -154
14.50833 36.13334 -170
14.51667 36.13334 -152
14.52500 36.13334 -169
14.53333 36.13334 -151
14.54167 36.13334 -168
14.55000 36.13334 -150
14.55833 36.13334 -166
14.56667 36.13334 -147
14.57500 36.13334 -163
14.58333 36.13334 -144
14.59167 36.13334 -161
14.60000 36.13334 -142
14.60833 36.13334 -158
14.61667 36.13334 -139
14.62500 36.13334 -156
14.63333 36.13334 -138
14.64167 36.13334 -155
14.65000 36.13334 -137
14.11667 36.12500 -283
14.12500 36.12500 -275
14.13333 36.12500 -273
14.14167 36.12500 -260
14.15000 36.12500 -258
14.15833 36.12500 -245
14.16667 36.12500 -244
14.17500 36.12500 -231
14.18333 36.12500 -228
14.19167 36.12500 -210
14.20000 36.12500 -202
14.20833 36.12500 -183
14.21667 36.12500 -177
14.22500 36.12500 -161
14.23333 36.12500 -160
14.24167 36.12500 -149
14.25000 36.12500 -154
14.25833 36.12500 -153
14.26667 36.12500 -166
14.27500 36.12500 -169
14.28333 36.12500 -182
14.29167 36.12500 -181
14.30000 36.12500 -191
14.30833 36.12500 -189
14.31667 36.12500 -198
14.32500 36.12500 -192
14.33333 36.12500 -196
14.34167 36.12500 -190
14.35000 36.12500 -195
14.35833 36.12500 -188
14.36667 36.12500 -191
14.37500 36.12500 -183
14.38333 36.12500 -187
14.39167 36.12500 -180
14.40000 36.12500 -185
14.40833 36.12500 -178
14.41667 36.12500 -182
14.42500 36.12500 -175
14.43333 36.12500 -179
14.44167 36.12500 -171
14.45000 36.12500 -176
14.45833 36.12500 -169
14.46667 36.12500 -174
14.47500 36.12500 -168
14.48333 36.12500 -173
14.49167 36.12500 -167
14.50000 36.12500 -172
14.50833 36.12500 -165
14.51667 36.12500 -170
14.52500 36.12500 -163
14.53333 36.12500 -168
14.54167 36.12500 -162
14.55000 36.12500 -167
14.55833 36.12500 -160
14.56667 36.12500 -165
14.57500 36.12500 -158
14.58333 36.12500 -163
14.59167 36.12500 -155
14.60000 36.12500 -160
14.60833 36.12500 -153
14.61667 36.12500 -157
14.62500 36.12500 -150
14.63333 36.12500 -156
14.64167 36.12500 -149
14.65000 36.12500 -152
14.11667 36.11667 -245
14.12500 36.11667 -261
14.13333 36.11667 -234
14.14167 36.11667 -247
14.15000 36.11667 -219
14.15833 36.11667 -230
14.16667 36.11667 -204
14.17500 36.11667 -213
14.18333 36.11667 -192
14.19167 36.11667 -193
14.20000 36.11667 -164
14.20833 36.11667 -167
14.21667 36.11667 -139
14.22500 36.11667 -145
14.23333 36.11667 -118
14.24167 36.11667 -131
14.25000 36.11667 -108
14.25833 36.11667 -136
14.26667 36.11667 -128
14.27500 36.11667 -156
14.28333 36.11667 -152
14.29167 36.11667 -170
14.30000 36.11667 -160
14.30833 36.11667 -179
14.31667 36.11667 -173
14.32500 36.11667 -185
14.33333 36.11667 -170
14.34167 36.11667 -187
14.35000 36.11667 -174
14.35833 36.11667 -189
14.36667 36.11667 -171
14.37500 36.11667 -186
14.38333 36.11667 -167
14.39167 36.11667 -184
14.40000 36.11667 -166
14.40833 36.11667 -182
14.41667 36.11667 -163
14.42500 36.11667 -179
14.43333 36.11667 -160
14.44167 36.11667 -176
14.45000 36.11667 -156
14.45833 36.11667 -174
14.46667 36.11667 -156
14.47500 36.11667 -173
14.48333 36.11667 -156
14.49167 36.11667 -172
14.50000 36.11667 -154
14.50833 36.11667 -170
14.51667 36.11667 -152
14.52500 36.11667 -169
14.53333 36.11667 -150
14.54167 36.11667 -167
14.55000 36.11667 -149
14.55833 36.11667 -166
14.56667 36.11667 -148
14.57500 36.11667 -164
14.58333 36.11667 -146
14.59167 36.11667 -162
14.60000 36.11667 -143
14.60833 36.11667 -159
14.61667 36.11667 -140
14.62500 36.11667 -157
14.63333 36.11667 -138
14.64167 36.11667 -155
14.65000 36.11667 -136
14.11667 36.10834 -249
14.12500 36.10834 -242
14.13333 36.10834 -243
14.14167 36.10834 -229
14.15000 36.10834 -225
14.15833 36.10834 -206
14.16667 36.10834 -199
14.17500 36.10834 -180
14.18333 36.10834 -174
14.19167 36.10834 -158
14.20000 36.10834 -153
14.20833 36.10834 -136
14.21667 36.10834 -131
14.22500 36.10834 -115
14.23333 36.10834 -114
14.24167 36.10834 -103
14.25000 36.10834 -109
14.25833 36.10834 -109
14.26667 36.10834 -124
14.27500 36.10834 -128
14.28333 36.10834 -142
14.29167 36.10834 -142
14.30000 36.10834 -151
14.30833 36.10834 -149
14.31667 36.10834 -159
14.32500 36.10834 -157
14.33333 36.10834 -169
14.34167 36.10834 -169
14.35000 36.10834 -181
14.35833 36.10834 -177
14.36667 36.10834 -184
14.37500 36.10834 -177
14.38333 36.10834 -183
14.39167 36.10834 -176
14.40000 36.10834 -182
14.40833 36.10834 -175
14.41667 36.10834 -180
14.42500 36.10834 -173
14.43333 36.10834 -177
14.44167 36.10834 -170
14.45000 36.10834 -174
14.45833 36.10834 -167
14.46667 36.10834 -173
14.47500 36.10834 -166
14.48333 36.10834 -172
14.49167 36.10834 -165
14.50000 36.10834 -170
14.50833 36.10834 -164
14.51667 36.10834 -169
14.52500 36.10834 -162
14.53333 36.10834 -168
14.54167 36.10834 -161
14.55000 36.10834 -166
14.55833 36.10834 -160
14.56667 36.10834 -165
14.57500 36.10834 -158
14.58333 36.10834 -163
14.59167 36.10834 -156
14.60000 36.10834 -161
14.60833 36.10834 -153
14.61667 36.10834 -158
14.62500 36.10834 -151
14.63333 36.10834 -156
14.64167 36.10834 -149
14.65000 36.10834 -152
14.11667 36.10000 -225
14.12500 36.10000 -241
14.13333 36.10000 -218
14.14167 36.10000 -229
14.15000 36.10000 -199
14.15833 36.10000 -198
14.16667 36.10000 -157
14.17500 36.10000 -156
14.18333 36.10000 -120
14.19167 36.10000 -130
14.20000 36.10000 -108
14.20833 36.10000 -112
14.21667 36.10000 -86
14.22500 36.10000 -93
14.23333 36.10000 -71
14.24167 36.10000 -85
14.25000 36.10000 -69
14.25833 36.10000 -93
14.26667 36.10000 -84
14.27500 36.10000 -109
14.28333 36.10000 -101
14.29167 36.10000 -122
14.30000 36.10000 -107
14.30833 36.10000 -125
14.31667 36.10000 -109
14.32500 36.10000 -137
14.33333 36.10000 -131
14.34167 36.10000 -160
14.35000 36.10000 -155
14.35833 36.10000 -175
14.36667 36.10000 -162
14.37500 36.10000 -178
14.38333 36.10000 -163
14.39167 36.10000 -179
14.40000 36.10000 -163
14.40833 36.10000 -179
14.41667 36.10000 -163
14.42500 36.10000 -178
14.43333 36.10000 -160
14.44167 36.10000 -175
14.45000 36.10000 -156
14.45833 36.10000 -172
14.46667 36.10000 -154
14.47500 36.10000 -171
14.48333 36.10000 -152
14.49167 36.10000 -169
14.50000 36.10000 -152
14.50833 36.10000 -169
14.51667 36.10000 -151
14.52500 36.10000 -168
14.53333 36.10000 -150
14.54167 36.10000 -166
14.55000 36.10000 -148
14.55833 36.10000 -165
14.56667 36.10000 -147
14.57500 36.10000 -164
14.58333 36.10000 -146
14.59167 36.10000 -162
14.60000 36.10000 -143
14.60833 36.10000 -159
14.61667 36.10000 -141
14.62500 36.10000 -157
14.63333 36.10000 -138
14.64167 36.10000 -155
14.65000 36.10000 -137
14.11667 36.09167 -236
14.12500 36.09167 -231
14.13333 36.09167 -234
14.14167 36.09167 -222
14.15000 36.09167 -213
14.15833 36.09167 -181
14.16667 36.09167 -155
14.17500 36.09167 -119
14.18333 36.09167 -101
14.19167 36.09167 -86
14.20000 36.09167 -88
14.20833 36.09167 -71
14.21667 36.09167 -66
14.22500 36.09167 -53
14.23333 36.09167 -56
14.24167 36.09167 -52
14.25000 36.09167 -62
14.25833 36.09167 -62
14.26667 36.09167 -75
14.27500 36.09167 -78
14.28333 36.09167 -91
14.29167 36.09167 -90
14.30000 36.09167 -97
14.30833 36.09167 -89
14.31667 36.09167 -97
14.32500 36.09167 -104
14.33333 36.09167 -127
14.34167 36.09167 -138
14.35000 36.09167 -158
14.35833 36.09167 -159
14.36667 36.09167 -168
14.37500 36.09167 -164
14.38333 36.09167 -171
14.39167 36.09167 -166
14.40000 36.09167 -173
14.40833 36.09167 -169
14.41667 36.09167 -176
14.42500 36.09167 -170
14.43333 36.09167 -175
14.44167 36.09167 -168
14.45000 36.09167 -172
14.45833 36.09167 -165
14.46667 36.09167 -170
14.47500 36.09167 -163
14.48333 36.09167 -168
14.49167 36.09167 -162
14.50000 36.09167 -167
14.50833 36.09167 -161
14.51667 36.09167 -167
14.52500 36.09167 -161
14.53333 36.09167 -166
14.54167 36.09167 -160
14.55000 36.09167 -165
14.55833 36.09167 -159
14.56667 36.09167 -164
14.57500 36.09167 -158
14.58333 36.09167 -163
14.59167 36.09167 -156
14.60000 36.09167 -161
14.60833 36.09167 -154
14.61667 36.09167 -158
14.62500 36.09167 -151
14.63333 36.09167 -156
14.64167 36.09167 -150
14.65000 36.09167 -153
14.11667 36.08334 -216
14.12500 36.08334 -236
14.13333 36.08334 -220
14.14167 36.08334 -228
14.15000 36.08334 -203
14.15833 36.08334 -179
14.16667 36.08334 -118
14.17500 36.08334 -98
14.18333 36.08334 -33
14.19167 36.08334 -52
14.20000 36.08334 -38
14.20833 36.08334 -34
14.21667 36.08334 -6
14.22500 36.08334 -18
14.23333 36.08334 -3
14.24167 36.08334 -25
14.25000 36.08334 -18
14.25833 36.08334 -39
14.26667 36.08334 -30
14.27500 36.08334 -56
14.28333 36.08334 -50
14.29167 36.08334 -71
14.30000 36.08334 -55
14.30833 36.08334 -70
14.31667 36.08334 -39
14.32500 36.08334 -87
14.33333 36.08334 -89
14.34167 36.08334 -127
14.35000 36.08334 -132
14.35833 36.08334 -151
14.36667 36.08334 -140
14.37500 36.08334 -157
14.38333 36.08334 -145
14.39167 36.08334 -161
14.40000 36.08334 -148
14.40833 36.08334 -167
14.41667 36.08334 -156
14.42500 36.08334 -171
14.43333 36.08334 -155
14.44167 36.08334 -171
14.45000 36.08334 -153
14.45833 36.08334 -170
14.46667 36.08334 -152
14.47500 36.08334 -168
14.48333 36.08334 -148
14.49167 36.08334 -166
14.50000 36.08334 -148
14.50833 36.08334 -165
14.51667 36.08334 -148
14.52500 36.08334 -165
14.53333 36.08334 -147
14.54167 36.08334 -164
14.55000 36.08334 -147
14.55833 36.08334 -164
14.56667 36.08334 -146
14.57500 36.08334 -163
14.58333 36.08334 -145
14.59167 36.08334 -162
14.60000 36.08334 -143
14.60833 36.08334 -160
14.61667 36.08334 -141
14.62500 36.08334 -158
14.63333 36.08334 -139
14.64167 36.08334 -156
14.65000 36.08334 -138
14.11667 36.07500 -234
14.12500 36.07500 -231
14.13333 36.07500 -236
14.14167 36.07500 -222
14.15000 36.07500 -209
14.15833 36.07500 -168
14.16667 36.07500 -130
14.17500 36.07500 -77
14.18333 36.07500 -40
14.19167 36.07500 -4
14.20000 36.07500 8
14.20833 36.07500 26
14.21667 36.07500 26
14.22500 36.07500 34
14.23333 36.07500 25
14.24167 36.07500 20
14.25000 36.07500 1
14.25833 36.07500 0
14.26667 36.07500 -14
14.27500 36.07500 -21
14.28333 36.07500 -40
14.29167 36.07500 -42
14.30000 36.07500 -52
14.30833 36.07500 -50
14.31667 36.07500 -62
14.32500 36.07500 -70
14.33333 36.07500 -93
14.34167 36.07500 -103
14.35000 36.07500 -123
14.35833 36.07500 -125
14.36667 36.07500 -136
14.37500 36.07500 -134
14.38333 36.07500 -143
14.39167 36.07500 -140
14.40000 36.07500 -149
14.40833 36.07500 -148
14.41667 36.07500 -158
14.42500 36.07500 -155
14.43333 36.07500 -164
14.44167 36.07500 -160
14.45000 36.07500 -168
14.45833 36.07500 -162
14.46667 36.07500 -168
14.47500 36.07500 -160
14.48333 36.07500 -165
14.49167 36.07500 -158
14.50000 36.07500 -164
14.50833 36.07500 -157
14.51667 36.07500 -163
14.52500 36.07500 -157
14.53333 36.07500 -163
14.54167 36.07500 -157
14.55000 36.07500 -163
14.55833 36.07500 -157
14.56667 36.07500 -163
14.57500 36.07500 -157
14.58333 36.07500 -162
14.59167 36.07500 -155
14.60000 36.07500 -161
14.60833 36.07500 -154
14.61667 36.07500 -159
14.62500 36.07500 -152
14.63333 36.07500 -157
14.64167 36.07500 -150
14.65000 36.07500 -154
14.11667 36.06667 -220
14.12500 36.06667 -239
14.13333 36.06667 -223
14.14167 36.06667 -228
14.15000 36.06667 -195
14.15833 36.06667 -173
14.16667 36.06667 -110
14.17500 36.06667 -77
14.18333 36.06667 1
14.19167 36.06667 20
14.20000 36.06667 100
14.20833 36.06667 67
14.21667 36.06667 98
14.22500 36.06667 69
14.23333 36.06667 99
14.24167 36.06667 47
14.25000 36.06667 52
14.25833 36.06667 25
14.26667 36.06667 42
14.27500 36.06667 4
14.28333 36.06667 1
14.29167 36.06667 -19
14.30000 36.06667 -16
14.30833 36.06667 -36
14.31667 36.06667 -42
14.32500 36.06667 -63
14.33333 36.06667 -62
14.34167 36.06667 -90
14.35000 36.06667 -84
14.35833 36.06667 -109
14.36667 36.06667 -98
14.37500 36.06667 -119
14.38333 36.06667 -105
14.39167 36.06667 -127
14.40000 36.06667 -114
14.40833 36.06667 -137
14.41667 36.06667 -126
14.42500 36.06667 -148
14.43333 36.06667 -138
14.44167 36.06667 -159
14.45000 36.06667 -148
14.45833 36.06667 -165
14.46667 36.06667 -149
14.47500 36.06667 -164
14.48333 36.06667 -146
14.49167 36.06667 -162
14.50000 36.06667 -144
14.50833 36.06667 -161
14.51667 36.06667 -143
14.52500 36.06667 -161
14.53333 36.06667 -144
14.54167 36.06667 -162
14.55000 36.06667 -145
14.55833 36.06667 -162
14.56667 36.06667 -145
14.57500 36.06667 -162
14.58333 36.06667 -144
14.59167 36.06667 -161
14.60000 36.06667 -143
14.60833 36.06667 -160
14.61667 36.06667 -142
14.62500 36.06667 -158
14.63333 36.06667 -140
14.64167 36.06667 -156
14.65000 36.06667 -138
14.11667 36.05833 -237
14.12500 36.05833 -234
14.13333 36.05833 -239
14.14167 36.05833 -225
14.15000 36.05833 -211
14.15833 36.05833 -171
14.16667 36.05833 -132
14.17500 36.05833 -75
14.18333 36.05833 -27
14.19167 36.05833 31
14.20000 36.05833 68
14.20833 36.05833 93
14.21667 36.05833 91
14.22500 36.05833 92
14.23333 36.05833 76
14.24167 36.05833 68
14.25000 36.05833 51
14.25833 36.05833 57
14.26667 36.05833 51
14.27500 36.05833 43
14.28333 36.05833 22
14.29167 36.05833 25
14.30000 36.05833 17
14.30833 36.05833 11
14.31667 36.05833 -14
14.32500 36.05833 -31
14.33333 36.05833 -58
14.34167 36.05833 -65
14.35000 36.05833 -79
14.35833 36.05833 -81
14.36667 36.05833 -94
14.37500 36.05833 -93
14.38333 36.05833 -103
14.39167 36.05833 -102
14.40000 36.05833 -114
14.40833 36.05833 -113
14.41667 36.05833 -126
14.42500 36.05833 -128
14.43333 36.05833 -142
14.44167 36.05833 -144
14.45000 36.05833 -157
14.45833 36.05833 -153
14.46667 36.05833 -160
14.47500 36.05833 -154
14.48333 36.05833 -159
14.49167 36.05833 -152
14.50000 36.05833 -157
14.50833 36.05833 -151
14.51667 36.05833 -157
14.52500 36.05833 -152
14.53333 36.05833 -159
14.54167 36.05833 -155
14.55000 36.05833 -161
14.55833 36.05833 -155
14.56667 36.05833 -161
14.57500 36.05833 -155
14.58333 36.05833 -160
14.59167 36.05833 -154
14.60000 36.05833 -160
14.60833 36.05833 -154
14.61667 36.05833 -159
14.62500 36.05833 -153
14.63333 36.05833 -158
14.64167 36.05833 -151
14.65000 36.05833 -154
14.11667 36.05000 -221
14.12500 36.05000 -241
14.13333 36.05000 -226
14.14167 36.05000 -234
14.15000 36.05000 -208
14.15833 36.05000 -185
14.16667 36.05000 -126
14.17500 36.05000 -91
14.18333 36.05000 -20
14.19167 36.05000 23
14.20000 36.05000 95
14.20833 36.05000 91
14.21667 36.05000 128
14.22500 36.05000 88
14.23333 36.05000 95
14.24167 36.05000 65
14.25000 36.05000 75
14.25833 36.05000 68
14.26667 36.05000 111
14.27500 36.05000 63
14.28333 36.05000 68
14.29167 36.05000 54
14.30000 36.05000 97
14.30833 36.05000 45
14.31667 36.05000 54
14.32500 36.05000 -7
14.33333 36.05000 -27
14.34167 36.05000 -51
14.35000 36.05000 -40
14.35833 36.05000 -69
14.36667 36.05000 -57
14.37500 36.05000 -81
14.38333 36.05000 -64
14.39167 36.05000 -91
14.40000 36.05000 -78
14.40833 36.05000 -102
14.41667 36.05000 -89
14.42500 36.05000 -118
14.43333 36.05000 -111
14.44167 36.05000 -138
14.45000 36.05000 -134
14.45833 36.05000 -150
14.46667 36.05000 -136
14.47500 36.05000 -152
14.48333 36.05000 -137
14.49167 36.05000 -152
14.50000 36.05000 -135
14.50833 36.05000 -153
14.51667 36.05000 -136
14.52500 36.05000 -156
14.53333 36.05000 -140
14.54167 36.05000 -159
14.55000 36.05000 -143
14.55833 36.05000 -160
14.56667 36.05000 -142
14.57500 36.05000 -159
14.58333 36.05000 -141
14.59167 36.05000 -159
14.60000 36.05000 -141
14.60833 36.05000 -159
14.61667 36.05000 -142
14.62500 36.05000 -158
14.63333 36.05000 -140
14.64167 36.05000 -156
14.65000 36.05000 -138
14.11667 36.04166 -241
14.12500 36.04166 -238
14.13333 36.04166 -242
14.14167 36.04166 -231
14.15000 36.04166 -223
14.15833 36.04166 -189
14.16667 36.04166 -155
14.17500 36.04166 -95
14.18333 36.04166 -38
14.19167 36.04166 33
14.20000 36.04166 78
14.20833 36.04166 97
14.21667 36.04166 86
14.22500 36.04166 85
14.23333 36.04166 72
14.24167 36.04166 73
14.25000 36.04166 66
14.25833 36.04166 79
14.26667 36.04166 79
14.27500 36.04166 80
14.28333 36.04166 69
14.29167 36.04166 76
14.30000 36.04166 70
14.30833 36.04166 68
14.31667 36.04166 44
14.32500 36.04166 20
14.33333 36.04166 -14
14.34167 36.04166 -27
14.35000 36.04166 -45
14.35833 36.04166 -49
14.36667 36.04166 -63
14.37500 36.04166 -63
14.38333 36.04166 -73
14.39167 36.04166 -73
14.40000 36.04166 -84
14.40833 36.04166 -83
14.41667 36.04166 -94
14.42500 36.04166 -96
14.43333 36.04166 -111
14.44167 36.04166 -115
14.45000 36.04166 -129
14.45833 36.04166 -129
14.46667 36.04166 -138
14.47500 36.04166 -135
14.48333 36.04166 -143
14.49167 36.04166 -139
14.50000 36.04166 -146
14.50833 36.04166 -142
14.51667 36.04166 -150
14.52500 36.04166 -147
14.53333 36.04166 -155
14.54167 36.04166 -151
14.55000 36.04166 -158
14.55833 36.04166 -152
14.56667 36.04166 -158
14.57500 36.04166 -152
14.58333 36.04166 -158
14.59167 36.04166 -152
14.60000 36.04166 -158
14.60833 36.04166 -152
14.61667 36.04166 -158
14.62500 36.04166 -152
14.63333 36.04166 -157
14.64167 36.04166 -150
14.65000 36.04166 -153
14.11667 36.03333 -230
14.12500 36.03333 -246
14.13333 36.03333 -228
14.14167 36.03333 -239
14.15000 36.03333 -216
14.15833 36.03333 -208
14.16667 36.03333 -161
14.17500 36.03333 -124
14.18333 36.03333 -26
14.19167 36.03333 9
14.20000 36.03333 135
14.20833 36.03333 69
14.21667 36.03333 82
14.22500 36.03333 55
14.23333 36.03333 85
14.24167 36.03333 58
14.25000 36.03333 86
14.25833 36.03333 65
14.26667 36.03333 94
14.27500 36.03333 67
14.28333 36.03333 99
14.29167 36.03333 61
14.30000 36.03333 90
14.30833 36.03333 54
14.31667 36.03333 81
14.32500 36.03333 23
14.33333 36.03333 24
14.34167 36.03333 -18
14.35000 36.03333 -18
14.35833 36.03333 -45
14.36667 36.03333 -36
14.37500 36.03333 -59
14.38333 36.03333 -47
14.39167 36.03333 -70
14.40000 36.03333 -56
14.40833 36.03333 -77
14.41667 36.03333 -61
14.42500 36.03333 -87
14.43333 36.03333 -76
14.44167 36.03333 -103
14.45000 36.03333 -93
14.45833 36.03333 -117
14.46667 36.03333 -105
14.47500 36.03333 -127
14.48333 36.03333 -115
14.49167 36.03333 -136
14.50000 36.03333 -122
14.50833 36.03333 -143
14.51667 36.03333 -129
14.52500 36.03333 -150
14.53333 36.03333 -136
14.54167 36.03333 -155
14.55000 36.03333 -139
14.55833 36.03333 -156
14.56667 36.03333 -139
14.57500 36.03333 -156
14.58333 36.03333 -139
14.59167 36.03333 -156
14.60000 36.03333 -139
14.60833 36.03333 -157
14.61667 36.03333 -140
14.62500 36.03333 -157
14.63333 36.03333 -139
14.64167 36.03333 -155
14.65000 36.03333 -137
14.11667 36.02500 -249
14.12500 36.02500 -243
14.13333 36.02500 -246
14.14167 36.02500 -236
14.15000 36.02500 -235
14.15833 36.02500 -218
14.16667 36.02500 -205
14.17500 36.02500 -169
14.18333 36.02500 -129
14.19167 36.02500 -58
14.20000 36.02500 -9
14.20833 36.02500 10
14.21667 36.02500 3
14.22500 36.02500 17
14.23333 36.02500 23
14.24167 36.02500 37
14.25000 36.02500 38
14.25833 36.02500 50
14.26667 36.02500 46
14.27500 36.02500 45
14.28333 36.02500 29
14.29167 36.02500 29
14.30000 36.02500 20
14.30833 36.02500 24
14.31667 36.02500 16
14.32500 36.02500 15
14.33333 36.02500 0
14.34167 36.02500 -6
14.35000 36.02500 -25
14.35833 36.02500 -29
14.36667 36.02500 -44
14.37500 36.02500 -45
14.38333 36.02500 -57
14.39167 36.02500 -57
14.40000 36.02500 -66
14.40833 36.02500 -61
14.41667 36.02500 -68
14.42500 36.02500 -67
14.43333 36.02500 -80
14.44167 36.02500 -80
14.45000 36.02500 -92
14.45833 36.02500 -93
14.46667 36.02500 -106
14.47500 36.02500 -107
14.48333 36.02500 -119
14.49167 36.02500 -119
14.50000 36.02500 -131
14.50833 36.02500 -131
14.51667 36.02500 -142
14.52500 36.02500 -141
14.53333 36.02500 -150
14.54167 36.02500 -147
14.55000 36.02500 -154
14.55833 36.02500 -149
14.56667 36.02500 -155
14.57500 36.02500 -149
14.58333 36.02500 -155
14.59167 36.02500 -149
14.60000 36.02500 -155
14.60833 36.02500 -150
14.61667 36.02500 -156
14.62500 36.02500 -150
14.63333 36.02500 -155
14.64167 36.02500 -149
14.65000 36.02500 -152
14.11667 36.01667 -238
14.12500 36.01667 -252
14.13333 36.01667 -229
14.14167 36.01667 -244
14.15000 36.01667 -223
14.15833 36.01667 -239
14.16667 36.01667 -225
14.17500 36.01667 -225
14.18333 36.01667 -216
14.19167 36.01667 -148
14.20000 36.01667 -78
14.20833 36.01667 -73
14.21667 36.01667 -49
14.22500 36.01667 -42
14.23333 36.01667 0
14.24167 36.01667 -9
14.25000 36.01667 28
14.25833 36.01667 8
14.26667 36.01667 43
14.27500 36.01667 -4
14.28333 36.01667 -7
14.29167 36.01667 -25
14.30000 36.01667 -16
14.30833 36.01667 -22
14.31667 36.01667 -8
14.32500 36.01667 -10
14.33333 36.01667 14
14.34167 36.01667 -10
14.35000 36.01667 2
14.35833 36.01667 -26
14.36667 36.01667 -18
14.37500 36.01667 -43
14.38333 36.01667 -33
14.39167 36.01667 -55
14.40000 36.01667 -45
14.40833 36.01667 -58
14.41667 36.01667 -36
14.42500 36.01667 -63
14.43333 36.01667 -49
14.44167 36.01667 -73
14.45000 36.01667 -56
14.45833 36.01667 -85
14.46667 36.01667 -73
14.47500 36.01667 -99
14.48333 36.01667 -88
14.49167 36.01667 -115
14.50000 36.01667 -106
14.50833 36.01667 -131
14.51667 36.01667 -121
14.52500 36.01667 -143
14.53333 36.01667 -130
14.54167 36.01667 -150
14.55000 36.01667 -135
14.55833 36.01667 -152
14.56667 36.01667 -135
14.57500 36.01667 -153
14.58333 36.01667 -135
14.59167 36.01667 -153
14.60000 36.01667 -136
14.60833 36.01667 -154
14.61667 36.01667 -137
14.62500 36.01667 -155
14.63333 36.01667 -137
14.64167 36.01667 -154
14.65000 36.01667 -136
14.11667 36.00833 -261
14.12500 36.00833 -252
14.13333 36.00833 -253
14.14167 36.00833 -243
14.15000 36.00833 -248
14.15833 36.00833 -244
14.16667 36.00833 -251
14.17500 36.00833 -243
14.18333 36.00833 -235
14.19167 36.00833 -193
14.20000 36.00833 -160
14.20833 36.00833 -129
14.21667 36.00833 -115
14.22500 36.00833 -88
14.23333 36.00833 -75
14.24167 36.00833 -54
14.25000 36.00833 -50
14.25833 36.00833 -38
14.26667 36.00833 -44
14.27500 36.00833 -49
14.28333 36.00833 -66
14.29167 36.00833 -61
14.30000 36.00833 -61
14.30833 36.00833 -44
14.31667 36.00833 -36
14.32500 36.00833 -14
14.33333 36.00833 -9
14.34167 36.00833 -2
14.35000 36.00833 -13
14.35833 36.00833 -14
14.36667 36.00833 -27
14.37500 36.00833 -28
14.38333 36.00833 -40
14.39167 36.00833 -39
14.40000 36.00833 -49
14.40833 36.00833 -45
14.41667 36.00833 -52
14.42500 36.00833 -51
14.43333 36.00833 -63
14.44167 36.00833 -60
14.45000 36.00833 -70
14.45833 36.00833 -69
14.46667 36.00833 -82
14.47500 36.00833 -82
14.48333 36.00833 -96
14.49167 36.00833 -99
14.50000 36.00833 -115
14.50833 36.00833 -118
14.51667 36.00833 -132
14.52500 36.00833 -132
14.53333 36.00833 -143
14.54167 36.00833 -140
14.55000 36.00833 -148
14.55833 36.00833 -144
14.56667 36.00833 -150
14.57500 36.00833 -145
14.58333 36.00833 -151
14.59167 36.00833 -146
14.60000 36.00833 -152
14.60833 36.00833 -147
14.61667 36.00833 -153
14.62500 36.00833 -147
14.63333 36.00833 -153
14.64167 36.00833 -147
14.65000 36.00833 -151
14.11667 36.00000 -257
14.12500 36.00000 -266
14.13333 36.00000 -239
14.14167 36.00000 -255
14.15000 36.00000 -236
14.15833 36.00000 -256
14.16667 36.00000 -244
14.17500 36.00000 -256
14.18333 36.00000 -240
14.19167 36.00000 -226
14.20000 36.00000 -193
14.20833 36.00000 -180
14.21667 36.00000 -148
14.22500 36.00000 -142
14.23333 36.00000 -109
14.24167 36.00000 -114
14.25000 36.00000 -89
14.25833 36.00000 -103
14.26667 36.00000 -86
14.27500 36.00000 -108
14.28333 36.00000 -99
14.29167 36.00000 -103
14.30000 36.00000 -76
14.30833 36.00000 -67
14.31667 36.00000 -29
14.32500 36.00000 -24
14.33333 36.00000 12
14.34167 36.00000 -6
14.35000 36.00000 9
14.35833 36.00000 -13
14.36667 36.00000 -2
14.37500 36.00000 -25
14.38333 36.00000 -12
14.39167 36.00000 -36
14.40000 36.00000 -21
14.40833 36.00000 -43
14.41667 36.00000 -30
14.42500 36.00000 -53
14.43333 36.00000 -43
14.44167 36.00000 -62
14.45000 36.00000 -47
14.45833 36.00000 -69
14.46667 36.00000 -55
14.47500 36.00000 -79
14.48333 36.00000 -67
14.49167 36.00000 -96
14.50000 36.00000 -89
14.50833 36.00000 -117
14.51667 36.00000 -110
14.52500 36.00000 -133
14.53333 36.00000 -122
14.54167 36.00000 -142
14.55000 36.00000 -127
14.55833 36.00000 -146
14.56667 36.00000 -131
14.57500 36.00000 -149
14.58333 36.00000 -132
14.59167 36.00000 -150
14.60000 36.00000 -134
14.60833 36.00000 -152
14.61667 36.00000 -135
14.62500 36.00000 -152
14.63333 36.00000 -134
14.64167 36.00000 -151
14.65000 36.00000 -134
14.11667 35.99167 -281
14.12500 35.99167 -270
14.13333 35.99167 -266
14.14167 35.99167 -255
14.15000 35.99167 -258
14.15833 35.99167 -252
14.16667 35.99167 -257
14.17500 35.99167 -249
14.18333 35.99167 -249
14.19167 35.99167 -233
14.20000 35.99167 -225
14.20833 35.99167 -205
14.21667 35.99167 -196
14.22500 35.99167 -176
14.23333 35.99167 -171
14.24167 35.99167 -158
14.25000 35.99167 -160
14.25833 35.99167 -151
14.26667 35.99167 -156
14.27500 35.99167 -150
14.28333 35.99167 -152
14.29167 35.99167 -128
14.30000 35.99167 -108
14.30833 35.99167 -73
14.31667 35.99167 -50
14.32500 35.99167 -18
14.33333 35.99167 -6
14.34167 35.99167 4
14.35000 35.99167 -2
14.35833 35.99167 0
14.36667 35.99167 -11
14.37500 35.99167 -12
14.38333 35.99167 -24
14.39167 35.99167 -23
14.40000 35.99167 -33
14.40833 35.99167 -31
14.41667 35.99167 -41
14.42500 35.99167 -40
14.43333 35.99167 -52
14.44167 35.99167 -51
14.45000 35.99167 -61
14.45833 35.99167 -59
14.46667 35.99167 -68
14.47500 35.99167 -66
14.48333 35.99167 -78
14.49167 35.99167 -82
14.50000 35.99167 -99
14.50833 35.99167 -105
14.51667 35.99167 -121
14.52500 35.99167 -122
14.53333 35.99167 -134
14.54167 35.99167 -132
14.55000 35.99167 -140
14.55833 35.99167 -137
14.56667 35.99167 -146
14.57500 35.99167 -141
14.58333 35.99167 -148
14.59167 35.99167 -143
14.60000 35.99167 -150
14.60833 35.99167 -145
14.61667 35.99167 -151
14.62500 35.99167 -144
14.63333 35.99167 -150
14.64167 35.99167 -143
14.65000 35.99167 -147
14.11667 35.98333 -282
14.12500 35.98333 -286
14.13333 35.98333 -255
14.14167 35.98333 -266
14.15000 35.98333 -243
14.15833 35.98333 -258
14.16667 35.98333 -238
14.17500 35.98333 -251
14.18333 35.98333 -227
14.19167 35.98333 -242
14.20000 35.98333 -224
14.20833 35.98333 -229
14.21667 35.98333 -209
14.22500 35.98333 -211
14.23333 35.98333 -192
14.24167 35.98333 -202
14.25000 35.98333 -196
14.25833 35.98333 -199
14.26667 35.98333 -188
14.27500 35.98333 -193
14.28333 35.98333 -182
14.29167 35.98333 -157
14.30000 35.98333 -109
14.30833 35.98333 -86
14.31667 35.98333 -32
14.32500 35.98333 -23
14.33333 35.98333 23
14.34167 35.98333 2
14.35000 35.98333 24
14.35833 35.98333 2
14.36667 35.98333 16
14.37500 35.98333 -8
14.38333 35.98333 -3
14.39167 35.98333 -22
14.40000 35.98333 -9
14.40833 35.98333 -30
14.41667 35.98333 -16
14.42500 35.98333 -39
14.43333 35.98333 -26
14.44167 35.98333 -50
14.45000 35.98333 -41
14.45833 35.98333 -61
14.46667 35.98333 -46
14.47500 35.98333 -67
14.48333 35.98333 -50
14.49167 35.98333 -81
14.50000 35.98333 -74
14.50833 35.98333 -104
14.51667 35.98333 -99
14.52500 35.98333 -122
14.53333 35.98333 -112
14.54167 35.98333 -133
14.55000 35.98333 -119
14.55833 35.98333 -140
14.56667 35.98333 -126
14.57500 35.98333 -145
14.58333 35.98333 -129
14.59167 35.98333 -148
14.60000 35.98333 -131
14.60833 35.98333 -149
14.61667 35.98333 -132
14.62500 35.98333 -148
14.63333 35.98333 -130
14.64167 35.98333 -146
14.65000 35.98333 -128
14.11667 35.97500 -306
14.12500 35.97500 -291
14.13333 35.97500 -282
14.14167 35.97500 -266
14.15000 35.97500 -264
14.15833 35.97500 -253
14.16667 35.97500 -254
14.17500 35.97500 -243
14.18333 35.97500 -245
14.19167 35.97500 -237
14.20000 35.97500 -241
14.20833 35.97500 -231
14.21667 35.97500 -231
14.22500 35.97500 -220
14.23333 35.97500 -223
14.24167 35.97500 -217
14.25000 35.97500 -223
14.25833 35.97500 -216
14.26667 35.97500 -218
14.27500 35.97500 -206
14.28333 35.97500 -197
14.29167 35.97500 -163
14.30000 35.97500 -131
14.30833 35.97500 -83
14.31667 35.97500 -51
14.32500 35.97500 -17
14.33333 35.97500 -5
14.34167 35.97500 7
14.35000 35.97500 5
14.35833 35.97500 17
14.36667 35.97500 13
14.37500 35.97500 14
14.38333 35.97500 0
14.39167 35.97500 -4
14.40000 35.97500 -19
14.40833 35.97500 -19
14.41667 35.97500 -28
14.42500 35.97500 -25
14.43333 35.97500 -36
14.44167 35.97500 -37
14.45000 35.97500 -50
14.45833 35.97500 -50
14.46667 35.97500 -60
14.47500 35.97500 -58
14.48333 35.97500 -68
14.49167 35.97500 -70
14.50000 35.97500 -85
14.50833 35.97500 -90
14.51667 35.97500 -106
14.52500 35.97500 -109
14.53333 35.97500 -123
14.54167 35.97500 -123
14.55000 35.97500 -134
14.55833 35.97500 -133
14.56667 35.97500 -142
14.57500 35.97500 -138
14.58333 35.97500 -145
14.59167 35.97500 -140
14.60000 35.97500 -147
14.60833 35.97500 -141
14.61667 35.97500 -147
14.62500 35.97500 -140
14.63333 35.97500 -144
14.64167 35.97500 -136
14.65000 35.97500 -138
14.11667 35.96667 -309
14.12500 35.96667 -308
14.13333 35.96667 -271
14.14167 35.96667 -278
14.15000 35.96667 -249
14.15833 35.96667 -260
14.16667 35.96667 -235
14.17500 35.96667 -249
14.18333 35.96667 -227
14.19167 35.96667 -243
14.20000 35.96667 -224
14.20833 35.96667 -237
14.21667 35.96667 -219
14.22500 35.96667 -231
14.23333 35.96667 -215
14.24167 35.96667 -229
14.25000 35.96667 -217
14.25833 35.96667 -229
14.26667 35.96667 -215
14.27500 35.96667 -218
14.28333 35.96667 -192
14.29167 35.96667 -174
14.30000 35.96667 -121
14.30833 35.96667 -96
14.31667 35.96667 -24
14.32500 35.96667 -29
14.33333 35.96667 11
14.34167 35.96667 1
14.35000 35.96667 22
14.35833 35.96667 23
14.36667 35.96667 55
14.37500 35.96667 25
14.38333 35.96667 40
14.39167 35.96667 1
14.40000 35.96667 1
14.40833 35.96667 -17
14.41667 35.96667 -4
14.42500 35.96667 -23
14.43333 35.96667 -9
14.44167 35.96667 -33
14.45000 35.96667 -24
14.45833 35.96667 -48
14.46667 35.96667 -41
14.47500 35.96667 -60
14.48333 35.96667 -48
14.49167 35.96667 -71
14.50000 35.96667 -61
14.50833 35.96667 -88
14.51667 35.96667 -80
14.52500 35.96667 -107
14.53333 35.96667 -100
14.54167 35.96667 -125
14.55000 35.96667 -116
14.55833 35.96667 -136
14.56667 35.96667 -123
14.57500 35.96667 -141
14.58333 35.96667 -126
14.59167 35.96667 -144
14.60000 35.96667 -128
14.60833 35.96667 -145
14.61667 35.96667 -128
14.62500 35.96667 -143
14.63333 35.96667 -123
14.64167 35.96667 -137
14.65000 35.96667 -116
14.11667 35.95834 -333
14.12500 35.95834 -314
14.13333 35.95834 -300
14.14167 35.95834 -279
14.15000 35.95834 -273
14.15833 35.95834 -257
14.16667 35.95834 -255
14.17500 35.95834 -244
14.18333 35.95834 -246
14.19167 35.95834 -236
14.20000 35.95834 -238
14.20833 35.95834 -228
14.21667 35.95834 -231
14.22500 35.95834 -223
14.23333 35.95834 -228
14.24167 35.95834 -220
14.25000 35.95834 -225
14.25833 35.95834 -220
14.26667 35.95834 -224
14.27500 35.95834 -211
14.28333 35.95834 -203
14.29167 35.95834 -174
14.30000 35.95834 -150
14.30833 35.95834 -109
14.31667 35.95834 -79
14.32500 35.95834 -39
14.33333 35.95834 -15
14.34167 35.95834 14
14.35000 35.95834 27
14.35833 35.95834 46
14.36667 35.95834 43
14.37500 35.95834 39
14.38333 35.95834 19
14.39167 35.95834 16
14.40000 35.95834 3
14.40833 35.95834 1
14.41667 35.95834 -10
14.42500 35.95834 -6
14.43333 35.95834 -14
14.44167 35.95834 -15
14.45000 35.95834 -30
14.45833 35.95834 -32
14.46667 35.95834 -45
14.47500 35.95834 -45
14.48333 35.95834 -57
14.49167 35.95834 -57
14.50000 35.95834 -70
14.50833 35.95834 -72
14.51667 35.95834 -88
14.52500 35.95834 -92
14.53333 35.95834 -108
14.54167 35.95834 -112
14.55000 35.95834 -126
14.55833 35.95834 -125
14.56667 35.95834 -134
14.57500 35.95834 -131
14.58333 35.95834 -139
14.59167 35.95834 -135
14.60000 35.95834 -142
14.60833 35.95834 -137
14.61667 35.95834 -142
14.62500 35.95834 -134
14.63333 35.95834 -137
14.64167 35.95834 -126
14.65000 35.95834 -127
14.11667 35.95000 -342
14.12500 35.95000 -334
14.13333 35.95000 -289
14.14167 35.95000 -293
14.15000 35.95000 -260
14.15833 35.95000 -267
14.16667 35.95000 -238
14.17500 35.95000 -252
14.18333 35.95000 -229
14.19167 35.95000 -241
14.20000 35.95000 -217
14.20833 35.95000 -230
14.21667 35.95000 -207
14.22500 35.95000 -224
14.23333 35.95000 -205
14.24167 35.95000 -220
14.25000 35.95000 -197
14.25833 35.95000 -219
14.26667 35.95000 -204
14.27500 35.95000 -214
14.28333 35.95000 -188
14.29167 35.95000 -186
14.30000 35.95000 -149
14.30833 35.95000 -136
14.31667 35.95000 -97
14.32500 35.95000 -62
14.33333 35.95000 -1
14.34167 35.95000 14
14.35000 35.95000 76
14.35833 35.95000 52
14.36667 35.95000 80
14.37500 35.95000 39
14.38333 35.95000 31
14.39167 35.95000 22
14.40000 35.95000 42
14.40833 35.95000 9
14.41667 35.95000 15
14.42500 35.95000 -1
14.43333 35.95000 22
14.44167 35.95000 -6
14.45000 35.95000 -1
14.45833 35.95000 -22
14.46667 35.95000 -16
14.47500 35.95000 -36
14.48333 35.95000 -30
14.49167 35.95000 -52
14.50000 35.95000 -43
14.50833 35.95000 -68
14.51667 35.95000 -59
14.52500 35.95000 -88
14.53333 35.95000 -82
14.54167 35.95000 -109
14.55000 35.95000 -105
14.55833 35.95000 -122
14.56667 35.95000 -110
14.57500 35.95000 -130
14.58333 35.95000 -117
14.59167 35.95000 -136
14.60000 35.95000 -122
14.60833 35.95000 -140
14.61667 35.95000 -123
14.62500 35.95000 -137
14.63333 35.95000 -116
14.64167 35.95000 -128
14.65000 35.95000 -104
14.11667 35.94167 -368
14.12500 35.94167 -344
14.13333 35.94167 -323
14.14167 35.94167 -296
14.15000 35.94167 -286
14.15833 35.94167 -266
14.16667 35.94167 -262
14.17500 35.94167 -248
14.18333 35.94167 -248
14.19167 35.94167 -235
14.20000 35.94167 -234
14.20833 35.94167 -223
14.21667 35.94167 -224
14.22500 35.94167 -215
14.23333 35.94167 -219
14.24167 35.94167 -210
14.25000 35.94167 -214
14.25833 35.94167 -209
14.26667 35.94167 -214
14.27500 35.94167 -204
14.28333 35.94167 -202
14.29167 35.94167 -184
14.30000 35.94167 -172
14.30833 35.94167 -142
14.31667 35.94167 -115
14.32500 35.94167 -63
14.33333 35.94167 -23
14.34167 35.94167 17
14.35000 35.94167 36
14.35833 35.94167 55
14.36667 35.94167 54
14.37500 35.94167 56
14.38333 35.94167 44
14.39167 35.94167 48
14.40000 35.94167 36
14.40833 35.94167 26
14.41667 35.94167 6
14.42500 35.94167 11
14.43333 35.94167 8
14.44167 35.94167 15
14.45000 35.94167 7
14.45833 35.94167 9
14.46667 35.94167 -3
14.47500 35.94167 -7
14.48333 35.94167 -24
14.49167 35.94167 -30
14.50000 35.94167 -47
14.50833 35.94167 -51
14.51667 35.94167 -67
14.52500 35.94167 -71
14.53333 35.94167 -86
14.54167 35.94167 -88
14.55000 35.94167 -102
14.55833 35.94167 -102
14.56667 35.94167 -114
14.57500 35.94167 -114
14.58333 35.94167 -125
14.59167 35.94167 -124
14.60000 35.94167 -133
14.60833 35.94167 -130
14.61667 35.94167 -136
14.62500 35.94167 -128
14.63333 35.94167 -130
14.64167 35.94167 -120
14.65000 35.94167 -120
14.11667 35.93333 -384
14.12500 35.93333 -371
14.13333 35.93333 -316
14.14167 35.93333 -316
14.15000 35.93333 -273
14.15833 35.93333 -282
14.16667 35.93333 -248
14.17500 35.93333 -261
14.18333 35.93333 -232
14.19167 35.93333 -244
14.20000 35.93333 -216
14.20833 35.93333 -229
14.21667 35.93333 -204
14.22500 35.93333 -219
14.23333 35.93333 -198
14.24167 35.93333 -214
14.25000 35.93333 -194
14.25833 35.93333 -211
14.26667 35.93333 -193
14.27500 35.93333 -207
14.28333 35.93333 -186
14.29167 35.93333 -194
14.30000 35.93333 -167
14.30833 35.93333 -156
14.31667 35.93333 -109
14.32500 35.93333 -71
14.33333 35.93333 0
14.34167 35.93333 9
14.35000 35.93333 44
14.35833 35.93333 45
14.36667 35.93333 72
14.37500 35.93333 62
14.38333 35.93333 91
14.39167 35.93333 61
14.40000 35.93333 77
14.40833 35.93333 32
14.41667 35.93333 22
14.42500 35.93333 15
14.43333 35.93333 35
14.44167 35.93333 29
14.45000 35.93333 54
14.45833 35.93333 33
14.46667 35.93333 49
14.47500 35.93333 13
14.48333 35.93333 17
14.49167 35.93333 -18
14.50000 35.93333 -17
14.50833 35.93333 -45
14.51667 35.93333 -40
14.52500 35.93333 -65
14.53333 35.93333 -55
14.54167 35.93333 -78
14.55000 35.93333 -65
14.55833 35.93333 -91
14.56667 35.93333 -82
14.57500 35.93333 -108
14.58333 35.93333 -99
14.59167 35.93333 -122
14.60000 35.93333 -111
14.60833 35.93333 -130
14.61667 35.93333 -116
14.62500 35.93333 -131
14.63333 35.93333 -111
14.64167 35.93333 -123
14.65000 35.93333 -101
14.11667 35.92500 -420
14.12500 35.92500 -392
14.13333 35.92500 -365
14.14167 35.92500 -332
14.15000 35.92500 -316
14.15833 35.92500 -294
14.16667 35.92500 -287
14.17500 35.92500 -269
14.18333 35.92500 -263
14.19167 35.92500 -246
14.20000 35.92500 -241
14.20833 35.92500 -226
14.21667 35.92500 -224
14.22500 35.92500 -213
14.23333 35.92500 -214
14.24167 35.92500 -206
14.25000 35.92500 -211
14.25833 35.92500 -203
14.26667 35.92500 -207
14.27500 35.92500 -198
14.28333 35.92500 -201
14.29167 35.92500 -191
14.30000 35.92500 -188
14.30833 35.92500 -161
14.31667 35.92500 -129
14.32500 35.92500 -63
14.33333 35.92500 -11
14.34167 35.92500 25
14.35000 35.92500 35
14.35833 35.92500 57
14.36667 35.92500 64
14.37500 35.92500 78
14.38333 35.92500 75
14.39167 35.92500 77
14.40000 35.92500 60
14.40833 35.92500 50
14.41667 35.92500 32
14.42500 35.92500 40
14.43333 35.92500 43
14.44167 35.92500 61
14.45000 35.92500 64
14.45833 35.92500 70
14.46667 35.92500 54
14.47500 35.92500 43
14.48333 35.92500 16
14.49167 35.92500 5
14.50000 35.92500 -16
14.50833 35.92500 -26
14.51667 35.92500 -45
14.52500 35.92500 -48
14.53333 35.92500 -58
14.54167 35.92500 -55
14.55000 35.92500 -65
14.55833 35.92500 -68
14.56667 35.92500 -85
14.57500 35.92500 -89
14.58333 35.92500 -104
14.59167 35.92500 -106
14.60000 35.92500 -119
14.60833 35.92500 -118
14.61667 35.92500 -127
14.62500 35.92500 -121
14.63333 35.92500 -124
14.64167 35.92500 -115
14.65000 35.92500 -116
14.11667 35.91667 -449
14.12500 35.91667 -436
14.13333 35.91667 -374
14.14167 35.91667 -371
14.15000 35.91667 -318
14.15833 35.91667 -328
14.16667 35.91667 -289
14.17500 35.91667 -297
14.18333 35.91667 -259
14.19167 35.91667 -266
14.20000 35.91667 -230
14.20833 35.91667 -239
14.21667 35.91667 -208
14.22500 35.91667 -219
14.23333 35.91667 -194
14.24167 35.91667 -211
14.25000 35.91667 -193
14.25833 35.91667 -207
14.26667 35.91667 -186
14.27500 35.91667 -202
14.28333 35.91667 -181
14.29167 35.91667 -201
14.30000 35.91667 -185
14.30833 35.91667 -175
14.31667 35.91667 -136
14.32500 35.91667 -64
14.33333 35.91667 40
14.34167 35.91667 38
14.35000 35.91667 65
14.35833 35.91667 72
14.36667 35.91667 97
14.37500 35.91667 90
14.38333 35.91667 103
14.39167 35.91667 82
14.40000 35.91667 86
14.40833 35.91667 59
14.41667 35.91667 66
14.42500 35.91667 53
14.43333 35.91667 86
14.44167 35.91667 74
14.45000 35.91667 121
14.45833 35.91667 80
14.46667 35.91667 105
14.47500 35.91667 50
14.48333 35.91667 50
14.49167 35.91667 11
14.50000 35.91667 19
14.50833 35.91667 -20
14.51667 35.91667 -20
14.52500 35.91667 -42
14.53333 35.91667 -29
14.54167 35.91667 -48
14.55000 35.91667 -25
14.55833 35.91667 -60
14.56667 35.91667 -53
14.57500 35.91667 -83
14.58333 35.91667 -76
14.59167 35.91667 -101
14.60000 35.91667 -93
14.60833 35.91667 -116
14.61667 35.91667 -106
14.62500 35.91667 -121
14.63333 35.91667 -104
14.64167 35.91667 -117
14.65000 35.91667 -98
14.11667 35.90833 -515
14.12500 35.90833 -484
14.13333 35.90833 -452
14.14167 35.90833 -414
14.15000 35.90833 -393
14.15833 35.90833 -365
14.16667 35.90833 -351
14.17500 35.90833 -325
14.18333 35.90833 -310
14.19167 35.90833 -283
14.20000 35.90833 -268
14.20833 35.90833 -244
14.21667 35.90833 -234
14.22500 35.90833 -216
14.23333 35.90833 -214
14.24167 35.90833 -203
14.25000 35.90833 -207
14.25833 35.90833 -198
14.26667 35.90833 -203
14.27500 35.90833 -197
14.28333 35.90833 -204
14.29167 35.90833 -200
14.30000 35.90833 -200
14.30833 35.90833 -173
14.31667 35.90833 -133
14.32500 35.90833 -52
14.33333 35.90833 17
14.34167 35.90833 70
14.35000 35.90833 93
14.35833 35.90833 118
14.36667 35.90833 123
14.37500 35.90833 129
14.38333 35.90833 116
14.39167 35.90833 111
14.40000 35.90833 91
14.40833 35.90833 83
14.41667 35.90833 67
14.42500 35.90833 71
14.43333 35.90833 67
14.44167 35.90833 76
14.45000 35.90833 72
14.45833 35.90833 74
14.46667 35.90833 59
14.47500 35.90833 50
14.48333 35.90833 27
14.49167 35.90833 18
14.50000 35.90833 -1
14.50833 35.90833 -8
14.51667 35.90833 -24
14.52500 35.90833 -25
14.53333 35.90833 -36
14.54167 35.90833 -35
14.55000 35.90833 -48
14.55833 35.90833 -49
14.56667 35.90833 -63
14.57500 35.90833 -66
14.58333 35.90833 -81
14.59167 35.90833 -84
14.60000 35.90833 -98
14.60833 35.90833 -100
14.61667 35.90833 -111
14.62500 35.90833 -107
14.63333 35.90833 -112
14.64167 35.90833 -104
14.65000 35.90833 -106
14.11667 35.90000 -577
14.12500 35.90000 -553
14.13333 35.90000 -488
14.14167 35.90000 -480
14.15000 35.90000 -428
14.15833 35.90000 -426
14.16667 35.90000 -379
14.17500 35.90000 -375
14.18333 35.90000 -326
14.19167 35.90000 -320
14.20000 35.90000 -270
14.20833 35.90000 -268
14.21667 35.90000 -222
14.22500 35.90000 -229
14.23333 35.90000 -195
14.24167 35.90000 -210
14.25000 35.90000 -185
14.25833 35.90000 -203
14.26667 35.90000 -183
14.27500 35.90000 -204
14.28333 35.90000 -192
14.29167 35.90000 -211
14.30000 35.90000 -197
14.30833 35.90000 -184
14.31667 35.90000 -126
14.32500 35.90000 -60
14.33333 35.90000 61
14.34167 35.90000 81
14.35000 35.90000 166
14.35833 35.90000 146
14.36667 35.90000 195
14.37500 35.90000 153
14.38333 35.90000 171
14.39167 35.90000 129
14.40000 35.90000 133
14.40833 35.90000 96
14.41667 35.90000 98
14.42500 35.90000 73
14.43333 35.90000 85
14.44167 35.90000 60
14.45000 35.90000 64
14.45833 35.90000 47
14.46667 35.90000 56
14.47500 35.90000 31
14.48333 35.90000 40
14.49167 35.90000 9
14.50000 35.90000 14
14.50833 35.90000 -9
14.51667 35.90000 3
14.52500 35.90000 -18
14.53333 35.90000 -7
14.54167 35.90000 -32
14.55000 35.90000 -34
14.55833 35.90000 -48
14.56667 35.90000 -38
14.57500 35.90000 -61
14.58333 35.90000 -50
14.59167 35.90000 -78
14.60000 35.90000 -69
14.60833 35.90000 -95
14.61667 35.90000 -84
14.62500 35.90000 -104
14.63333 35.90000 -87
14.64167 35.90000 -103
14.65000 35.90000 -82
14.11667 35.89167 -647
14.12500 35.89167 -616
14.13333 35.89167 -583
14.14167 35.89167 -544
14.15000 35.89167 -520
14.15833 35.89167 -485
14.16667 35.89167 -461
14.17500 35.89167 -424
14.18333 35.89167 -397
14.19167 35.89167 -356
14.20000 35.89167 -327
14.20833 35.89167 -287
14.21667 35.89167 -264
14.22500 35.89167 -237
14.23333 35.89167 -228
14.24167 35.89167 -210
14.25000 35.89167 -209
14.25833 35.89167 -198
14.26667 35.89167 -202
14.27500 35.89167 -198
14.28333 35.89167 -208
14.29167 35.89167 -208
14.30000 35.89167 -213
14.30833 35.89167 -192
14.31667 35.89167 -157
14.32500 35.89167 -75
14.33333 35.89167 3
14.34167 35.89167 77
14.35000 35.89167 120
14.35833 35.89167 155
14.36667 35.89167 161
14.37500 35.89167 164
14.38333 35.89167 150
14.39167 35.89167 149
14.40000 35.89167 133
14.40833 35.89167 120
14.41667 35.89167 93
14.42500 35.89167 85
14.43333 35.89167 68
14.44167 35.89167 62
14.45000 35.89167 44
14.45833 35.89167 42
14.46667 35.89167 29
14.47500 35.89167 29
14.48333 35.89167 15
14.49167 35.89167 12
14.50000 35.89167 0
14.50833 35.89167 1
14.51667 35.89167 -5
14.52500 35.89167 2
14.53333 35.89167 -3
14.54167 35.89167 -4
14.55000 35.89167 -20
14.55833 35.89167 -26
14.56667 35.89167 -42
14.57500 35.89167 -43
14.58333 35.89167 -56
14.59167 35.89167 -61
14.60000 35.89167 -77
14.60833 35.89167 -80
14.61667 35.89167 -93
14.62500 35.89167 -91
14.63333 35.89167 -98
14.64167 35.89167 -91
14.65000 35.89167 -93
14.11667 35.88334 -713
14.12500 35.88334 -695
14.13333 35.88334 -638
14.14167 35.88334 -626
14.15000 35.88334 -577
14.15833 35.88334 -563
14.16667 35.88334 -510
14.17500 35.88334 -493
14.18333 35.88334 -434
14.19167 35.88334 -413
14.20000 35.88334 -348
14.20833 35.88334 -330
14.21667 35.88334 -263
14.22500 35.88334 -267
14.23333 35.88334 -221
14.24167 35.88334 -230
14.25000 35.88334 -194
14.25833 35.88334 -209
14.26667 35.88334 -183
14.27500 35.88334 -204
14.28333 35.88334 -186
14.29167 35.88334 -215
14.30000 35.88334 -210
14.30833 35.88334 -211
14.31667 35.88334 -187
14.32500 35.88334 -111
14.33333 35.88334 -1
14.34167 35.88334 37
14.35000 35.88334 131
14.35833 35.88334 131
14.36667 35.88334 179
14.37500 35.88334 156
14.38333 35.88334 163
14.39167 35.88334 154
14.40000 35.88334 179
14.40833 35.88334 129
14.41667 35.88334 119
14.42500 35.88334 86
14.43333 35.88334 89
14.44167 35.88334 58
14.45000 35.88334 59
14.45833 35.88334 35
14.46667 35.88334 40
14.47500 35.88334 20
14.48333 35.88334 29
14.49167 35.88334 8
14.50000 35.88334 17
14.50833 35.88334 2
14.51667 35.88334 20
14.52500 35.88334 11
14.53333 35.88334 43
14.54167 35.88334 10
14.55000 35.88334 29
14.55833 35.88334 -13
14.56667 35.88334 -13
14.57500 35.88334 -37
14.58333 35.88334 -25
14.59167 35.88334 -58
14.60000 35.88334 -52
14.60833 35.88334 -81
14.61667 35.88334 -70
14.62500 35.88334 -93
14.63333 35.88334 -77
14.64167 35.88334 -94
14.65000 35.88334 -71
14.11667 35.87500 -796
14.12500 35.87500 -768
14.13333 35.87500 -738
14.14167 35.87500 -699
14.15000 35.87500 -673
14.15833 35.87500 -632
14.16667 35.87500 -602
14.17500 35.87500 -556
14.18333 35.87500 -520
14.19167 35.87500 -468
14.20000 35.87500 -428
14.20833 35.87500 -375
14.21667 35.87500 -339
14.22500 35.87500 -299
14.23333 35.87500 -277
14.24167 35.87500 -248
14.25000 35.87500 -235
14.25833 35.87500 -215
14.26667 35.87500 -212
14.27500 35.87500 -202
14.28333 35.87500 -208
14.29167 35.87500 -208
14.30000 35.87500 -217
14.30833 35.87500 -207
14.31667 35.87500 -190
14.32500 35.87500 -133
14.33333 35.87500 -75
14.34167 35.87500 -8
14.35000 35.87500 45
14.35833 35.87500 107
14.36667 35.87500 143
14.37500 35.87500 167
14.38333 35.87500 165
14.39167 35.87500 175
14.40000 35.87500 163
14.40833 35.87500 146
14.41667 35.87500 113
14.42500 35.87500 99
14.43333 35.87500 79
14.44167 35.87500 72
14.45000 35.87500 55
14.45833 35.87500 50
14.46667 35.87500 34
14.47500 35.87500 32
14.48333 35.87500 20
14.49167 35.87500 21
14.50000 35.87500 13
14.50833 35.87500 20
14.51667 35.87500 17
14.52500 35.87500 26
14.53333 35.87500 22
14.54167 35.87500 24
14.55000 35.87500 10
14.55833 35.87500 4
14.56667 35.87500 -14
14.57500 35.87500 -21
14.58333 35.87500 -40
14.59167 35.87500 -48
14.60000 35.87500 -67
14.60833 35.87500 -73
14.61667 35.87500 -89
14.62500 35.87500 -89
14.63333 35.87500 -97
14.64167 35.87500 -91
14.65000 35.87500 -93
14.11667 35.86667 -872
14.12500 35.86667 -849
14.13333 35.86667 -801
14.14167 35.86667 -782
14.15000 35.86667 -735
14.15833 35.86667 -714
14.16667 35.86667 -661
14.17500 35.86667 -635
14.18333 35.86667 -573
14.19167 35.86667 -543
14.20000 35.86667 -472
14.20833 35.86667 -443
14.21667 35.86667 -372
14.22500 35.86667 -355
14.23333 35.86667 -294
14.24167 35.86667 -288
14.25000 35.86667 -236
14.25833 35.86667 -240
14.26667 35.86667 -202
14.27500 35.86667 -216
14.28333 35.86667 -191
14.29167 35.86667 -212
14.30000 35.86667 -198
14.30833 35.86667 -209
14.31667 35.86667 -185
14.32500 35.86667 -164
14.33333 35.86667 -112
14.34167 35.86667 -75
14.35000 35.86667 -2
14.35833 35.86667 51
14.36667 35.86667 170
14.37500 35.86667 147
14.38333 35.86667 206
14.39167 35.86667 173
14.40000 35.86667 201
14.40833 35.86667 150
14.41667 35.86667 137
14.42500 35.86667 102
14.43333 35.86667 103
14.44167 35.86667 75
14.45000 35.86667 88
14.45833 35.86667 55
14.46667 35.86667 62
14.47500 35.86667 36
14.48333 35.86667 46
14.49167 35.86667 26
14.50000 35.86667 42
14.50833 35.86667 27
14.51667 35.86667 51
14.52500 35.86667 27
14.53333 35.86667 42
14.54167 35.86667 19
14.55000 35.86667 31
14.55833 35.86667 4
14.56667 35.86667 19
14.57500 35.86667 -21
14.58333 35.86667 -20
14.59167 35.86667 -53
14.60000 35.86667 -49
14.60833 35.86667 -81
14.61667 35.86667 -76
14.62500 35.86667 -100
14.63333 35.86667 -85
14.64167 35.86667 -102
14.65000 35.86667 -83
14.11667 35.85834 -936
14.12500 35.85834 -910
14.13333 35.85834 -884
14.14167 35.85834 -847
14.15000 35.85834 -821
14.15833 35.85834 -780
14.16667 35.85834 -749
14.17500 35.85834 -702
14.18333 35.85834 -664
14.19167 35.85834 -610
14.20000 35.85834 -565
14.20833 35.85834 -507
14.21667 35.85834 -462
14.22500 35.85834 -410
14.23333 35.85834 -372
14.24167 35.85834 -326
14.25000 35.85834 -297
14.25833 35.85834 -261
14.26667 35.85834 -244
14.27500 35.85834 -221
14.28333 35.85834 -215
14.29167 35.85834 -204
14.30000 35.85834 -207
14.30833 35.85834 -198
14.31667 35.85834 -198
14.32500 35.85834 -179
14.33333 35.85834 -164
14.34167 35.85834 -131
14.35000 35.85834 -94
14.35833 35.85834 -20
14.36667 35.85834 42
14.37500 35.85834 95
14.38333 35.85834 123
14.39167 35.85834 160
14.40000 35.85834 169
14.40833 35.85834 164
14.41667 35.85834 134
14.42500 35.85834 118
14.43333 35.85834 94
14.44167 35.85834 87
14.45000 35.85834 72
14.45833 35.85834 69
14.46667 35.85834 55
14.47500 35.85834 54
14.48333 35.85834 44
14.49167 35.85834 46
14.50000 35.85834 38
14.50833 35.85834 43
14.51667 35.85834 36
14.52500 35.85834 39
14.53333 35.85834 28
14.54167 35.85834 27
14.55000 35.85834 13
14.55833 35.85834 11
14.56667 35.85834 -5
14.57500 35.85834 -16
14.58333 35.85834 -39
14.59167 35.85834 -46
14.60000 35.85834 -65
14.60833 35.85834 -78
14.61667 35.85834 -100
14.62500 35.85834 -102
14.63333 35.85834 -110
14.64167 35.85834 -104
14.65000 35.85834 -106
14.11667 35.85000 -990
14.12500 35.85000 -969
14.13333 35.85000 -931
14.14167 35.85000 -913
14.15000 35.85000 -875
14.15833 35.85000 -851
14.16667 35.85000 -804
14.17500 35.85000 -778
14.18333 35.85000 -725
14.19167 35.85000 -690
14.20000 35.85000 -623
14.20833 35.85000 -588
14.21667 35.85000 -514
14.22500 35.85000 -484
14.23333 35.85000 -412
14.24167 35.85000 -387
14.25000 35.85000 -316
14.25833 35.85000 -304
14.26667 35.85000 -245
14.27500 35.85000 -243
14.28333 35.85000 -199
14.29167 35.85000 -210
14.30000 35.85000 -181
14.30833 35.85000 -201
14.31667 35.85000 -183
14.32500 35.85000 -199
14.33333 35.85000 -188
14.34167 35.85000 -185
14.35000 35.85000 -175
14.35833 35.85000 -103
14.36667 35.85000 -28
14.37500 35.85000 13
14.38333 35.85000 82
14.39167 35.85000 109
14.40000 35.85000 201
14.40833 35.85000 145
14.41667 35.85000 167
14.42500 35.85000 114
14.43333 35.85000 116
14.44167 35.85000 85
14.45000 35.85000 92
14.45833 35.85000 70
14.46667 35.85000 83
14.47500 35.85000 61
14.48333 35.85000 77
14.49167 35.85000 53
14.50000 35.85000 69
14.50833 35.85000 43
14.51667 35.85000 60
14.52500 35.85000 34
14.53333 35.85000 53
14.54167 35.85000 20
14.55000 35.85000 33
14.55833 35.85000 2
14.56667 35.85000 12
14.57500 35.85000 -25
14.58333 35.85000 -27
14.59167 35.85000 -54
14.60000 35.85000 -42
14.60833 35.85000 -89
14.61667 35.85000 -97
14.62500 35.85000 -116
14.63333 35.85000 -103
14.64167 35.85000 -117
14.65000 35.85000 -97
14.11667 35.84167 -1016
14.12500 35.84167 -997
14.13333 35.84167 -981
14.14167 35.84167 -952
14.15000 35.84167 -933
14.15833 35.84167 -899
14.16667 35.84167 -874
14.17500 35.84167 -835
14.18333 35.84167 -804
14.19167 35.84167 -756
14.20000 35.84167 -715
14.20833 35.84167 -660
14.21667 35.84167 -614
14.22500 35.84167 -555
14.23333 35.84167 -507
14.24167 35.84167 -447
14.25000 35.84167 -400
14.25833 35.84167 -345
14.26667 35.84167 -306
14.27500 35.84167 -262
14.28333 35.84167 -237
14.29167 35.84167 -211
14.30000 35.84167 -205
14.30833 35.84167 -194
14.31667 35.84167 -200
14.32500 35.84167 -198
14.33333 35.84167 -206
14.34167 35.84167 -198
14.35000 35.84167 -188
14.35833 35.84167 -143
14.36667 35.84167 -99
14.37500 35.84167 -46
14.38333 35.84167 -8
14.39167 35.84167 41
14.40000 35.84167 71
14.40833 35.84167 97
14.41667 35.84167 99
14.42500 35.84167 105
14.43333 35.84167 95
14.44167 35.84167 95
14.45000 35.84167 84
14.45833 35.84167 84
14.46667 35.84167 73
14.47500 35.84167 77
14.48333 35.84167 68
14.49167 35.84167 68
14.50000 35.84167 54
14.50833 35.84167 51
14.51667 35.84167 35
14.52500 35.84167 32
14.53333 35.84167 17
14.54167 35.84167 14
14.55000 35.84167 1
14.55833 35.84167 2
14.56667 35.84167 -11
14.57500 35.84167 -21
14.58333 35.84167 -46
14.59167 35.84167 -56
14.60000 35.84167 -78
14.60833 35.84167 -92
14.61667 35.84167 -115
14.62500 35.84167 -117
14.63333 35.84167 -124
14.64167 35.84167 -117
14.65000 35.84167 -119
14.11667 35.83334 -1025
14.12500 35.83334 -1022
14.13333 35.83334 -996
14.14167 35.83334 -989
14.15000 35.83334 -958
14.15833 35.83334 -947
14.16667 35.83334 -912
14.17500 35.83334 -896
14.18333 35.83334 -854
14.19167 35.83334 -829
14.20000 35.83334 -775
14.20833 35.83334 -743
14.21667 35.83334 -680
14.22500 35.83334 -641
14.23333 35.83334 -567
14.24167 35.83334 -526
14.25000 35.83334 -446
14.25833 35.83334 -409
14.26667 35.83334 -327
14.27500 35.83334 -302
14.28333 35.83334 -230
14.29167 35.83334 -232
14.30000 35.83334 -186
14.30833 35.83334 -205
14.31667 35.83334 -179
14.32500 35.83334 -205
14.33333 35.83334 -194
14.34167 35.83334 -208
14.35000 35.83334 -190
14.35833 35.83334 -172
14.36667 35.83334 -131
14.37500 35.83334 -106
14.38333 35.83334 -62
14.39167 35.83334 -41
14.40000 35.83334 -7
14.40833 35.83334 20
14.41667 35.83334 76
14.42500 35.83334 64
14.43333 35.83334 111
14.44167 35.83334 77
14.45000 35.83334 113
14.45833 35.83334 72
14.46667 35.83334 99
14.47500 35.83334 69
14.48333 35.83334 98
14.49167 35.83334 63
14.50000 35.83334 78
14.50833 35.83334 42
14.51667 35.83334 47
14.52500 35.83334 16
14.53333 35.83334 18
14.54167 35.83334 -4
14.55000 35.83334 3
14.55833 35.83334 -11
14.56667 35.83334 9
14.57500 35.83334 -34
14.58333 35.83334 -33
14.59167 35.83334 -75
14.60000 35.83334 -75
14.60833 35.83334 -109
14.61667 35.83334 -106
14.62500 35.83334 -128
14.63333 35.83334 -114
14.64167 35.83334 -129
14.65000 35.83334 -109
14.11667 35.82500 -1034
14.12500 35.82500 -1024
14.13333 35.82500 -1020
14.14167 35.82500 -1002
14.15000 35.82500 -994
14.15833 35.82500 -973
14.16667 35.82500 -962
14.17500 35.82500 -936
14.18333 35.82500 -918
14.19167 35.82500 -882
14.20000 35.82500 -854
14.20833 35.82500 -809
14.21667 35.82500 -771
14.22500 35.82500 -713
14.23333 35.82500 -663
14.24167 35.82500 -597
14.25000 35.82500 -541
14.25833 35.82500 -469
14.26667 35.82500 -410
14.27500 35.82500 -341
14.28333 35.82500 -295
14.29167 35.82500 -254
14.30000 35.82500 -237
14.30833 35.82500 -215
14.31667 35.82500 -212
14.32500 35.82500 -204
14.33333 35.82500 -210
14.34167 35.82500 -201
14.35000 35.82500 -199
14.35833 35.82500 -179
14.36667 35.82500 -165
14.37500 35.82500 -138
14.38333 35.82500 -120
14.39167 35.82500 -89
14.40000 35.82500 -69
14.40833 35.82500 -36
14.41667 35.82500 -16
14.42500 35.82500 11
14.43333 35.82500 23
14.44167 35.82500 37
14.45000 35.82500 34
14.45833 35.82500 41
14.46667 35.82500 38
14.47500 35.82500 50
14.48333 35.82500 49
14.49167 35.82500 57
14.50000 35.82500 47
14.50833 35.82500 41
14.51667 35.82500 21
14.52500 35.82500 15
14.53333 35.82500 0
14.54167 35.82500 -4
14.55000 35.82500 -17
14.55833 35.82500 -14
14.56667 35.82500 -27
14.57500 35.82500 -44
14.58333 35.82500 -77
14.59167 35.82500 -91
14.60000 35.82500 -111
14.60833 35.82500 -116
14.61667 35.82500 -130
14.62500 35.82500 -128
14.63333 35.82500 -134
14.64167 35.82500 -127
14.65000 35.82500 -129
14.11667 35.81667 -1017
14.12500 35.81667 -1029
14.13333 35.81667 -1011
14.14167 35.81667 -1018
14.15000 35.81667 -997
14.15833 35.81667 -1002
14.16667 35.81667 -980
14.17500 35.81667 -978
14.18333 35.81667 -953
14.19167 35.81667 -938
14.20000 35.81667 -901
14.20833 35.81667 -878
14.21667 35.81667 -833
14.22500 35.81667 -792
14.23333 35.81667 -727
14.24167 35.81667 -680
14.25000 35.81667 -603
14.25833 35.81667 -549
14.26667 35.81667 -454
14.27500 35.81667 -409
14.28333 35.81667 -308
14.29167 35.81667 -307
14.30000 35.81667 -246
14.30833 35.81667 -252
14.31667 35.81667 -202
14.32500 35.81667 -224
14.33333 35.81667 -194
14.34167 35.81667 -209
14.35000 35.81667 -180
14.35833 35.81667 -192
14.36667 35.81667 -167
14.37500 35.81667 -167
14.38333 35.81667 -144
14.39167 35.81667 -125
14.40000 35.81667 -96
14.40833 35.81667 -83
14.41667 35.81667 -71
14.42500 35.81667 -46
14.43333 35.81667 -20
14.44167 35.81667 -22
14.45000 35.81667 -7
14.45833 35.81667 -14
14.46667 35.81667 11
14.47500 35.81667 4
14.48333 35.81667 41
14.49167 35.81667 25
14.50000 35.81667 61
14.50833 35.81667 20
14.51667 35.81667 30
14.52500 35.81667 0
14.53333 35.81667 16
14.54167 35.81667 -16
14.55000 35.81667 -6
14.55833 35.81667 -29
14.56667 35.81667 -14
14.57500 35.81667 -69
14.58333 35.81667 -93
14.59167 35.81667 -118
14.60000 35.81667 -115
14.60833 35.81667 -135
14.61667 35.81667 -123
14.62500 35.81667 -140
14.63333 35.81667 -122
14.64167 35.81667 -137
14.65000 35.81667 -116
14.11667 35.80833 -1019
14.12500 35.80833 -1015
14.13333 35.80833 -1021
14.14167 35.80833 -1014
14.15000 35.80833 -1018
14.15833 35.80833 -1009
14.16667 35.80833 -1010
14.17500 35.80833 -997
14.18333 35.80833 -992
14.19167 35.80833 -970
14.20000 35.80833 -954
14.20833 35.80833 -922
14.21667 35.80833 -895
14.22500 35.80833 -848
14.23333 35.80833 -806
14.24167 35.80833 -747
14.25000 35.80833 -694
14.25833 35.80833 -622
14.26667 35.80833 -559
14.27500 35.80833 -484
14.28333 35.80833 -428
14.29167 35.80833 -374
14.30000 35.80833 -340
14.30833 35.80833 -299
14.31667 35.80833 -276
14.32500 35.80833 -248
14.33333 35.80833 -236
14.34167 35.80833 -215
14.35000 35.80833 -209
14.35833 35.80833 -194
14.36667 35.80833 -192
14.37500 35.80833 -173
14.38333 35.80833 -160
14.39167 35.80833 -126
14.40000 35.80833 -105
14.40833 35.80833 -82
14.41667 35.80833 -76
14.42500 35.80833 -58
14.43333 35.80833 -57
14.44167 35.80833 -52
14.45000 35.80833 -62
14.45833 35.80833 -54
14.46667 35.80833 -53
14.47500 35.80833 -36
14.48333 35.80833 -29
14.49167 35.80833 -11
14.50000 35.80833 -8
14.50833 35.80833 -2
14.51667 35.80833 -12
14.52500 35.80833 -10
14.53333 35.80833 -21
14.54167 35.80833 -23
14.55000 35.80833 -36
14.55833 35.80833 -37
14.56667 35.80833 -56
14.57500 35.80833 -78
14.58333 35.80833 -114
14.59167 35.80833 -126
14.60000 35.80833 -141
14.60833 35.80833 -140
14.61667 35.80833 -147
14.62500 35.80833 -141
14.63333 35.80833 -145
14.64167 35.80833 -137
14.65000 35.80833 -139
14.11667 35.80000 -989
14.12500 35.80000 -1009
14.13333 35.80000 -998
14.14167 35.80000 -1016
14.15000 35.80000 -1005
14.15833 35.80000 -1021
14.16667 35.80000 -1008
14.17500 35.80000 -1019
14.18333 35.80000 -1002
14.19167 35.80000 -1002
14.20000 35.80000 -977
14.20833 35.80000 -966
14.21667 35.80000 -930
14.22500 35.80000 -906
14.23333 35.80000 -856
14.24167 35.80000 -820
14.25000 35.80000 -756
14.25833 35.80000 -707
14.26667 35.80000 -628
14.27500 35.80000 -581
14.28333 35.80000 -500
14.29167 35.80000 -467
14.30000 35.80000 -394
14.30833 35.80000 -373
14.31667 35.80000 -307
14.32500 35.80000 -298
14.33333 35.80000 -242
14.34167 35.80000 -243
14.35000 35.80000 -198
14.35833 35.80000 -213
14.36667 35.80000 -186
14.37500 35.80000 -189
14.38333 35.80000 -149
14.39167 35.80000 -128
14.40000 35.80000 -69
14.40833 35.80000 -74
14.41667 35.80000 -46
14.42500 35.80000 -67
14.43333 35.80000 -49
14.44167 35.80000 -87
14.45000 35.80000 -87
14.45833 35.80000 -103
14.46667 35.80000 -86
14.47500 35.80000 -90
14.48333 35.80000 -63
14.49167 35.80000 -66
14.50000 35.80000 -35
14.50833 35.80000 -49
14.51667 35.80000 -18
14.52500 35.80000 -47
14.53333 35.80000 -22
14.54167 35.80000 -54
14.55000 35.80000 -33
14.55833 35.80000 -66
14.56667 35.80000 -47
14.57500 35.80000 -101
14.58333 35.80000 -112
14.59167 35.80000 -143
14.60000 35.80000 -137
14.60833 35.80000 -153
14.61667 35.80000 -137
14.62500 35.80000 -152
14.63333 35.80000 -134
14.64167 35.80000 -149
14.65000 35.80000 -130
14.11667 35.79166 -985
14.12500 35.79166 -986
14.13333 35.79166 -999
14.14167 35.79166 -1000
14.15000 35.79166 -1013
14.15833 35.79166 -1013
14.16667 35.79166 -1024
14.17500 35.79166 -1020
14.18333 35.79166 -1025
14.19167 35.79166 -1014
14.20000 35.79166 -1010
14.20833 35.79166 -989
14.21667 35.79166 -974
14.22500 35.79166 -942
14.23333 35.79166 -916
14.24167 35.79166 -873
14.25000 35.79166 -835
14.25833 35.79166 -777
14.26667 35.79166 -728
14.27500 35.79166 -666
14.28333 35.79166 -616
14.29167 35.79166 -554
14.30000 35.79166 -504
14.30833 35.79166 -446
14.31667 35.79166 -403
14.32500 35.79166 -350
14.33333 35.79166 -313
14.34167 35.79166 -269
14.35000 35.79166 -247
14.35833 35.79166 -228
14.36667 35.79166 -225
14.37500 35.79166 -202
14.38333 35.79166 -177
14.39167 35.79166 -119
14.40000 35.79166 -77
14.40833 35.79166 -53
14.41667 35.79166 -61
14.42500 35.79166 -68
14.43333 35.79166 -94
14.44167 35.79166 -112
14.45000 35.79166 -137
14.45833 35.79166 -137
14.46667 35.79166 -140
14.47500 35.79166 -128
14.48333 35.79166 -125
14.49167 35.79166 -109
14.50000 35.79166 -105
14.50833 35.79166 -96
14.51667 35.79166 -100
14.52500 35.79166 -90
14.53333 35.79166 -94
14.54167 35.79166 -92
14.55000 35.79166 -104
14.55833 35.79166 -100
14.56667 35.79166 -111
14.57500 35.79166 -121
14.58333 35.79166 -144
14.59167 35.79166 -148
14.60000 35.79166 -159
14.60833 35.79166 -153
14.61667 35.79166 -158
14.62500 35.79166 -151
14.63333 35.79166 -156
14.64167 35.79166 -149
14.65000 35.79166 -153
14.11667 35.78333 -944
14.12500 35.78333 -971
14.13333 35.78333 -966
14.14167 35.78333 -992
14.15000 35.78333 -986
14.15833 35.78333 -1012
14.16667 35.78333 -1008
14.17500 35.78333 -1027
14.18333 35.78333 -1017
14.19167 35.78333 -1030
14.20000 35.78333 -1013
14.20833 35.78333 -1014
14.21667 35.78333 -988
14.22500 35.78333 -980
14.23333 35.78333 -946
14.24167 35.78333 -926
14.25000 35.78333 -886
14.25833 35.78333 -848
14.26667 35.78333 -792
14.27500 35.78333 -754
14.28333 35.78333 -698
14.29167 35.78333 -649
14.30000 35.78333 -577
14.30833 35.78333 -535
14.31667 35.78333 -460
14.32500 35.78333 -424
14.33333 35.78333 -345
14.34167 35.78333 -322
14.35000 35.78333 -246
14.35833 35.78333 -267
14.36667 35.78333 -236
14.37500 35.78333 -236
14.38333 35.78333 -192
14.39167 35.78333 -139
14.40000 35.78333 -20
14.40833 35.78333 -65
14.41667 35.78333 -30
14.42500 35.78333 -93
14.43333 35.78333 -100
14.44167 35.78333 -148
14.45000 35.78333 -166
14.45833 35.78333 -174
14.46667 35.78333 -161
14.47500 35.78333 -168
14.48333 35.78333 -155
14.49167 35.78333 -154
14.50000 35.78333 -135
14.50833 35.78333 -148
14.51667 35.78333 -148
14.52500 35.78333 -143
14.53333 35.78333 -124
14.54167 35.78333 -142
14.55000 35.78333 -144
14.55833 35.78333 -145
14.56667 35.78333 -129
14.57500 35.78333 -152
14.58333 35.78333 -149
14.59167 35.78333 -164
14.60000 35.78333 -149
14.60833 35.78333 -163
14.61667 35.78333 -143
14.62500 35.78333 -161
14.63333 35.78333 -143
14.64167 35.78333 -161
14.65000 35.78333 -144
14.11667 35.77500 -937
14.12500 35.77500 -942
14.13333 35.77500 -961
14.14167 35.77500 -968
14.15000 35.77500 -987
14.15833 35.77500 -995
14.16667 35.77500 -1013
14.17500 35.77500 -1017
14.18333 35.77500 -1030
14.19167 35.77500 -1028
14.20000 35.77500 -1033
14.20833 35.77500 -1021
14.21667 35.77500 -1017
14.22500 35.77500 -996
14.23333 35.77500 -983
14.24167 35.77500 -954
14.25000 35.77500 -932
14.25833 35.77500 -891
14.26667 35.77500 -859
14.27500 35.77500 -813
14.28333 35.77500 -775
14.29167 35.77500 -720
14.30000 35.77500 -673
14.30833 35.77500 -612
14.31667 35.77500 -561
14.32500 35.77500 -495
14.33333 35.77500 -442
14.34167 35.77500 -382
14.35000 35.77500 -345
14.35833 35.77500 -313
14.36667 35.77500 -299
14.37500 35.77500 -268
14.38333 35.77500 -238
14.39167 35.77500 -177
14.40000 35.77500 -133
14.40833 35.77500 -109
14.41667 35.77500 -118
14.42500 35.77500 -127
14.43333 35.77500 -154
14.44167 35.77500 -169
14.45000 35.77500 -189
14.45833 35.77500 -187
14.46667 35.77500 -190
14.47500 35.77500 -181
14.48333 35.77500 -182
14.49167 35.77500 -170
14.50000 35.77500 -171
14.50833 35.77500 -166
14.51667 35.77500 -172
14.52500 35.77500 -162
14.53333 35.77500 -164
14.54167 35.77500 -161
14.55000 35.77500 -169
14.55833 35.77500 -161
14.56667 35.77500 -165
14.57500 35.77500 -161
14.58333 35.77500 -169
14.59167 35.77500 -164
14.60000 35.77500 -168
14.60833 35.77500 -160
14.61667 35.77500 -165
14.62500 35.77500 -159
14.63333 35.77500 -165
14.64167 35.77500 -160
14.65000 35.77500 -164
14.11667 35.76667 -890
14.12500 35.76667 -920
14.13333 35.76667 -920
14.14167 35.76667 -951
14.15000 35.76667 -953
14.15833 35.76667 -984
14.16667 35.76667 -986
14.17500 35.76667 -1013
14.18333 35.76667 -1012
14.19167 35.76667 -1031
14.20000 35.76667 -1022
14.20833 35.76667 -1032
14.21667 35.76667 -1015
14.22500 35.76667 -1016
14.23333 35.76667 -990
14.24167 35.76667 -982
14.25000 35.76667 -949
14.25833 35.76667 -932
14.26667 35.76667 -892
14.27500 35.76667 -868
14.28333 35.76667 -823
14.29167 35.76667 -790
14.30000 35.76667 -735
14.30833 35.76667 -695
14.31667 35.76667 -629
14.32500 35.76667 -580
14.33333 35.76667 -500
14.34167 35.76667 -462
14.35000 35.76667 -391
14.35833 35.76667 -380
14.36667 35.76667 -331
14.37500 35.76667 -323
14.38333 35.76667 -268
14.39167 35.76667 -247
14.40000 35.76667 -180
14.40833 35.76667 -190
14.41667 35.76667 -158
14.42500 35.76667 -188
14.43333 35.76667 -174
14.44167 35.76667 -201
14.45000 35.76667 -188
14.45833 35.76667 -205
14.46667 35.76667 -185
14.47500 35.76667 -197
14.48333 35.76667 -175
14.49167 35.76667 -187
14.50000 35.76667 -167
14.50833 35.76667 -181
14.51667 35.76667 -166
14.52500 35.76667 -178
14.53333 35.76667 -163
14.54167 35.76667 -178
14.55000 35.76667 -165
14.55833 35.76667 -177
14.56667 35.76667 -161
14.57500 35.76667 -174
14.58333 35.76667 -157
14.59167 35.76667 -172
14.60000 35.76667 -153
14.60833 35.76667 -169
14.61667 35.76667 -150
14.62500 35.76667 -168
14.63333 35.76667 -152
14.64167 35.76667 -170
14.65000 35.76667 -153
14.11667 35.75833 -876
14.12500 35.75833 -883
14.13333 35.75833 -905
14.14167 35.75833 -918
14.15000 35.75833 -943
14.15833 35.75833 -956
14.16667 35.75833 -980
14.17500 35.75833 -991
14.18333 35.75833 -1012
14.19167 35.75833 -1016
14.20000 35.75833 -1028
14.20833 35.75833 -1024
14.21667 35.75833 -1028
14.22500 35.75833 -1015
14.23333 35.75833 -1010
14.24167 35.75833 -988
14.25000 35.75833 -975
14.25833 35.75833 -949
14.26667 35.75833 -931
14.27500 35.75833 -899
14.28333 35.75833 -875
14.29167 35.75833 -837
14.30000 35.75833 -806
14.30833 35.75833 -759
14.31667 35.75833 -716
14.32500 35.75833 -651
14.33333 35.75833 -594
14.34167 35.75833 -529
14.35000 35.75833 -484
14.35833 35.75833 -439
14.36667 35.75833 -413
14.37500 35.75833 -377
14.38333 35.75833 -354
14.39167 35.75833 -315
14.40000 35.75833 -292
14.40833 35.75833 -268
14.41667 35.75833 -262
14.42500 35.75833 -247
14.43333 35.75833 -243
14.44167 35.75833 -228
14.45000 35.75833 -226
14.45833 35.75833 -214
14.46667 35.75833 -214
14.47500 35.75833 -200
14.48333 35.75833 -199
14.49167 35.75833 -188
14.50000 35.75833 -190
14.50833 35.75833 -180
14.51667 35.75833 -183
14.52500 35.75833 -176
14.53333 35.75833 -182
14.54167 35.75833 -175
14.55000 35.75833 -181
14.55833 35.75833 -174
14.56667 35.75833 -179
14.57500 35.75833 -171
14.58333 35.75833 -175
14.59167 35.75833 -168
14.60000 35.75833 -172
14.60833 35.75833 -165
14.61667 35.75833 -171
14.62500 35.75833 -165
14.63333 35.75833 -172
14.64167 35.75833 -167
14.65000 35.75833 -172
14.11667 35.75000 -821
14.12500 35.75000 -853
14.13333 35.75000 -854
14.14167 35.75000 -890
14.15000 35.75000 -898
14.15833 35.75000 -933
14.16667 35.75000 -940
14.17500 35.75000 -974
14.18333 35.75000 -981
14.19167 35.75000 -1005
14.20000 35.75000 -1003
14.20833 35.75000 -1021
14.21667 35.75000 -1011
14.22500 35.75000 -1018
14.23333 35.75000 -998
14.24167 35.75000 -998
14.25000 35.75000 -969
14.25833 35.75000 -968
14.26667 35.75000 -939
14.27500 35.75000 -930
14.28333 35.75000 -896
14.29167 35.75000 -882
14.30000 35.75000 -846
14.30833 35.75000 -820
14.31667 35.75000 -779
14.32500 35.75000 -721
14.33333 35.75000 -648
14.34167 35.75000 -602
14.35000 35.75000 -531
14.35833 35.75000 -509
14.36667 35.75000 -456
14.37500 35.75000 -448
14.38333 35.75000 -408
14.39167 35.75000 -397
14.40000 35.75000 -359
14.40833 35.75000 -356
14.41667 35.75000 -330
14.42500 35.75000 -319
14.43333 35.75000 -278
14.44167 35.75000 -275
14.45000 35.75000 -227
14.45833 35.75000 -244
14.46667 35.75000 -211
14.47500 35.75000 -222
14.48333 35.75000 -184
14.49167 35.75000 -205
14.50000 35.75000 -179
14.50833 35.75000 -193
14.51667 35.75000 -162
14.52500 35.75000 -186
14.53333 35.75000 -166
14.54167 35.75000 -183
14.55000 35.75000 -161
14.55833 35.75000 -181
14.56667 35.75000 -163
14.57500 35.75000 -179
14.58333 35.75000 -158
14.59167 35.75000 -175
14.60000 35.75000 -156
14.60833 35.75000 -173
14.61667 35.75000 -155
14.62500 35.75000 -174
14.63333 35.75000 -158
14.64167 35.75000 -176
14.65000 35.75000 -160
14.11667 35.74167 -799
14.12500 35.74167 -806
14.13333 35.74167 -830
14.14167 35.74167 -845
14.15000 35.74167 -873
14.15833 35.74167 -891
14.16667 35.74167 -920
14.17500 35.74167 -937
14.18333 35.74167 -964
14.19167 35.74167 -975
14.20000 35.74167 -994
14.20833 35.74167 -997
14.21667 35.74167 -1009
14.22500 35.74167 -1003
14.23333 35.74167 -1005
14.24167 35.74167 -991
14.25000 35.74167 -987
14.25833 35.74167 -969
14.26667 35.74167 -962
14.27500 35.74167 -940
14.28333 35.74167 -928
14.29167 35.74167 -902
14.30000 35.74167 -884
14.30833 35.74167 -849
14.31667 35.74167 -817
14.32500 35.74167 -761
14.33333 35.74167 -712
14.34167 35.74167 -653
14.35000 35.74167 -610
14.35833 35.74167 -563
14.36667 35.74167 -535
14.37500 35.74167 -502
14.38333 35.74167 -485
14.39167 35.74167 -457
14.40000 35.74167 -444
14.40833 35.74167 -420
14.41667 35.74167 -406
14.42500 35.74167 -376
14.43333 35.74167 -354
14.44167 35.74167 -320
14.45000 35.74167 -302
14.45833 35.74167 -277
14.46667 35.74167 -268
14.47500 35.74167 -246
14.48333 35.74167 -238
14.49167 35.74167 -223
14.50000 35.74167 -220
14.50833 35.74167 -205
14.51667 35.74167 -203
14.52500 35.74167 -191
14.53333 35.74167 -193
14.54167 35.74167 -183
14.55000 35.74167 -185
14.55833 35.74167 -178
14.56667 35.74167 -183
14.57500 35.74167 -176
14.58333 35.74167 -180
14.59167 35.74167 -173
14.60000 35.74167 -177
14.60833 35.74167 -170
14.61667 35.74167 -176
14.62500 35.74167 -170
14.63333 35.74167 -177
14.64167 35.74167 -173
14.65000 35.74167 -177
14.11667 35.73333 -735
14.12500 35.73333 -769
14.13333 35.73333 -769
14.14167 35.73333 -808
14.15000 35.73333 -813
14.15833 35.73333 -855
14.16667 35.73333 -865
14.17500 35.73333 -905
14.18333 35.73333 -915
14.19167 35.73333 -949
14.20000 35.73333 -953
14.20833 35.73333 -979
14.21667 35.73333 -976
14.22500 35.73333 -992
14.23333 35.73333 -980
14.24167 35.73333 -989
14.25000 35.73333 -970
14.25833 35.73333 -975
14.26667 35.73333 -953
14.27500 35.73333 -953
14.28333 35.73333 -927
14.29167 35.73333 -921
14.30000 35.73333 -891
14.30833 35.73333 -874
14.31667 35.73333 -832
14.32500 35.73333 -798
14.33333 35.73333 -740
14.34167 35.73333 -704
14.35000 35.73333 -645
14.35833 35.73333 -621
14.36667 35.73333 -572
14.37500 35.73333 -561
14.38333 35.73333 -525
14.39167 35.73333 -520
14.40000 35.73333 -491
14.40833 35.73333 -485
14.41667 35.73333 -453
14.42500 35.73333 -439
14.43333 35.73333 -395
14.44167 35.73333 -382
14.45000 35.73333 -335
14.45833 35.73333 -332
14.46667 35.73333 -290
14.47500 35.73333 -292
14.48333 35.73333 -253
14.49167 35.73333 -261
14.50000 35.73333 -228
14.50833 35.73333 -237
14.51667 35.73333 -205
14.52500 35.73333 -216
14.53333 35.73333 -186
14.54167 35.73333 -198
14.55000 35.73333 -172
14.55833 35.73333 -189
14.56667 35.73333 -169
14.57500 35.73333 -187
14.58333 35.73333 -167
14.59167 35.73333 -184
14.60000 35.73333 -163
14.60833 35.73333 -180
14.61667 35.73333 -160
14.62500 35.73333 -178
14.63333 35.73333 -162
14.64167 35.73333 -180
14.65000 35.73333 -164
14.11667 35.72500 -713
14.12500 35.72500 -720
14.13333 35.72500 -743
14.14167 35.72500 -756
14.15000 35.72500 -784
14.15833 35.72500 -804
14.16667 35.72500 -837
14.17500 35.72500 -858
14.18333 35.72500 -889
14.19167 35.72500 -906
14.20000 35.72500 -932
14.20833 35.72500 -943
14.21667 35.72500 -961
14.22500 35.72500 -963
14.23333 35.72500 -973
14.24167 35.72500 -968
14.25000 35.72500 -972
14.25833 35.72500 -962
14.26667 35.72500 -960
14.27500 35.72500 -945
14.28333 35.72500 -938
14.29167 35.72500 -918
14.30000 35.72500 -905
14.30833 35.72500 -876
14.31667 35.72500 -852
14.32500 35.72500 -810
14.33333 35.72500 -777
14.34167 35.72500 -731
14.35000 35.72500 -697
14.35833 35.72500 -656
14.36667 35.72500 -631
14.37500 35.72500 -600
14.38333 35.72500 -585
14.39167 35.72500 -561
14.40000 35.72500 -550
14.40833 35.72500 -528
14.41667 35.72500 -514
14.42500 35.72500 -484
14.43333 35.72500 -463
14.44167 35.72500 -430
14.45000 35.72500 -409
14.45833 35.72500 -377
14.46667 35.72500 -359
14.47500 35.72500 -331
14.48333 35.72500 -317
14.49167 35.72500 -294
14.50000 35.72500 -284
14.50833 35.72500 -263
14.51667 35.72500 -254
14.52500 35.72500 -233
14.53333 35.72500 -225
14.54167 35.72500 -206
14.55000 35.72500 -203
14.55833 35.72500 -192
14.56667 35.72500 -196
14.57500 35.72500 -189
14.58333 35.72500 -194
14.59167 35.72500 -185
14.60000 35.72500 -188
14.60833 35.72500 -178
14.61667 35.72500 -181
14.62500 35.72500 -174
14.63333 35.72500 -180
14.64167 35.72500 -175
14.65000 35.72500 -179
14.11667 35.71667 -649
14.12500 35.71667 -684
14.13333 35.71667 -679
14.14167 35.71667 -717
14.15000 35.71667 -717
14.15833 35.71667 -764
14.16667 35.71667 -774
14.17500 35.71667 -819
14.18333 35.71667 -831
14.19167 35.71667 -871
14.20000 35.71667 -879
14.20833 35.71667 -912
14.21667 35.71667 -916
14.22500 35.71667 -940
14.23333 35.71667 -935
14.24167 35.71667 -952
14.25000 35.71667 -942
14.25833 35.71667 -952
14.26667 35.71667 -935
14.27500 35.71667 -939
14.28333 35.71667 -917
14.29167 35.71667 -917
14.30000 35.71667 -890
14.30833 35.71667 -880
14.31667 35.71667 -843
14.32500 35.71667 -825
14.33333 35.71667 -780
14.34167 35.71667 -758
14.35000 35.71667 -711
14.35833 35.71667 -692
14.36667 35.71667 -650
14.37500 35.71667 -640
14.38333 35.71667 -607
14.39167 35.71667 -603
14.40000 35.71667 -575
14.40833 35.71667 -572
14.41667 35.71667 -545
14.42500 35.71667 -532
14.43333 35.71667 -496
14.44167 35.71667 -484
14.45000 35.71667 -447
14.45833 35.71667 -433
14.46667 35.71667 -391
14.47500 35.71667 -384
14.48333 35.71667 -344
14.49167 35.71667 -342
14.50000 35.71667 -305
14.50833 35.71667 -305
14.51667 35.71667 -269
14.52500 35.71667 -267
14.53333 35.71667 -227
14.54167 35.71667 -230
14.55000 35.71667 -193
14.55833 35.71667 -210
14.56667 35.71667 -188
14.57500 35.71667 -207
14.58333 35.71667 -187
14.59167 35.71667 -201
14.60000 35.71667 -178
14.60833 35.71667 -191
14.61667 35.71667 -166
14.62500 35.71667 -182
14.63333 35.71667 -163
14.64167 35.71667 -180
14.65000 35.71667 -164
14.11667 35.70834 -636
14.12500 35.70834 -640
14.13333 35.70834 -659
14.14167 35.70834 -670
14.15000 35.70834 -695
14.15833 35.70834 -713
14.16667 35.70834 -746
14.17500 35.70834 -767
14.18333 35.70834 -800
14.19167 35.70834 -820
14.20000 35.70834 -850
14.20833 35.70834 -865
14.21667 35.70834 -889
14.22500 35.70834 -897
14.23333 35.70834 -914
14.24167 35.70834 -916
14.25000 35.70834 -926
14.25833 35.70834 -921
14.26667 35.70834 -925
14.27500 35.70834 -914
14.28333 35.70834 -913
14.29167 35.70834 -896
14.30000 35.70834 -889
14.30833 35.70834 -865
14.31667 35.70834 -849
14.32500 35.70834 -818
14.33333 35.70834 -797
14.34167 35.70834 -762
14.35000 35.70834 -739
14.35833 35.70834 -705
14.36667 35.70834 -685
14.37500 35.70834 -657
14.38333 35.70834 -644
14.39167 35.70834 -621
14.40000 35.70834 -612
14.40833 35.70834 -592
14.41667 35.70834 -583
14.42500 35.70834 -558
14.43333 35.70834 -544
14.44167 35.70834 -517
14.45000 35.70834 -501
14.45833 35.70834 -471
14.46667 35.70834 -452
14.47500 35.70834 -423
14.48333 35.70834 -406
14.49167 35.70834 -379
14.50000 35.70834 -363
14.50833 35.70834 -336
14.51667 35.70834 -320
14.52500 35.70834 -290
14.53333 35.70834 -273
14.54167 35.70834 -246
14.55000 35.70834 -236
14.55833 35.70834 -222
14.56667 35.70834 -224
14.57500 35.70834 -215
14.58333 35.70834 -218
14.59167 35.70834 -207
14.60000 35.70834 -207
14.60833 35.70834 -193
14.61667 35.70834 -191
14.62500 35.70834 -180
14.63333 35.70834 -181
14.64167 35.70834 -172
14.65000 35.70834 -175
14.11667 35.70000 -583
14.12500 35.70000 -612
14.13333 35.70000 -602
14.14167 35.70000 -637
14.15000 35.70000 -634
14.15833 35.70000 -677
14.16667 35.70000 -682
14.17500 35.70000 -727
14.18333 35.70000 -736
14.19167 35.70000 -779
14.20000 35.70000 -788
14.20833 35.70000 -825
14.21667 35.70000 -830
14.22500 35.70000 -861
14.23333 35.70000 -861
14.24167 35.70000 -885
14.25000 35.70000 -879
14.25833 35.70000 -895
14.26667 35.70000 -883
14.27500 35.70000 -893
14.28333 35.70000 -876
14.29167 35.70000 -880
14.30000 35.70000 -856
14.30833 35.70000 -854
14.31667 35.70000 -824
14.32500 35.70000 -816
14.33333 35.70000 -780
14.34167 35.70000 -768
14.35000 35.70000 -730
14.35833 35.70000 -719
14.36667 35.70000 -682
14.37500 35.70000 -675
14.38333 35.70000 -643
14.39167 35.70000 -641
14.40000 35.70000 -614
14.40833 35.70000 -614
14.41667 35.70000 -588
14.42500 35.70000 -586
14.43333 35.70000 -557
14.44167 35.70000 -552
14.45000 35.70000 -522
14.45833 35.70000 -513
14.46667 35.70000 -477
14.47500 35.70000 -469
14.48333 35.70000 -433
14.49167 35.70000 -425
14.50000 35.70000 -387
14.50833 35.70000 -378
14.51667 35.70000 -337
14.52500 35.70000 -327
14.53333 35.70000 -281
14.54167 35.70000 -277
14.55000 35.70000 -237
14.55833 35.70000 -248
14.56667 35.70000 -223
14.57500 35.70000 -239
14.58333 35.70000 -217
14.59167 35.70000 -228
14.60000 35.70000 -201
14.60833 35.70000 -209
14.61667 35.70000 -180
14.62500 35.70000 -190
14.63333 35.70000 -163
14.64167 35.70000 -177
14.65000 35.70000 -153
14.11667 35.69167 -575
14.12500 35.69167 -576
14.13333 35.69167 -591
14.14167 35.69167 -596
14.15000 35.69167 -617
14.15833 35.69167 -630
14.16667 35.69167 -658
14.17500 35.69167 -676
14.18333 35.69167 -706
14.19167 35.69167 -725
14.20000 35.69167 -755
14.20833 35.69167 -771
14.21667 35.69167 -797
14.22500 35.69167 -809
14.23333 35.69167 -830
14.24167 35.69167 -836
14.25000 35.69167 -851
14.25833 35.69167 -851
14.26667 35.69167 -859
14.27500 35.69167 -854
14.28333 35.69167 -857
14.29167 35.69167 -845
14.30000 35.69167 -842
14.30833 35.69167 -824
14.31667 35.69167 -816
14.32500 35.69167 -793
14.33333 35.69167 -779
14.34167 35.69167 -753
14.35000 35.69167 -738
14.35833 35.69167 -711
14.36667 35.69167 -696
14.37500 35.69167 -672
14.38333 35.69167 -661
14.39167 35.69167 -641
14.40000 35.69167 -634
14.40833 35.69167 -616
14.41667 35.69167 -610
14.42500 35.69167 -592
14.43333 35.69167 -586
14.44167 35.69167 -567
14.45000 35.69167 -558
14.45833 35.69167 -534
14.46667 35.69167 -520
14.47500 35.69167 -495
14.48333 35.69167 -481
14.49167 35.69167 -453
14.50000 35.69167 -436
14.50833 35.69167 -406
14.51667 35.69167 -386
14.52500 35.69167 -351
14.53333 35.69167 -328
14.54167 35.69167 -296
14.55000 35.69167 -281
14.55833 35.69167 -264
14.56667 35.69167 -263
14.57500 35.69167 -253
14.58333 35.69167 -253
14.59167 35.69167 -239
14.60000 35.69167 -233
14.60833 35.69167 -214
14.61667 35.69167 -207
14.62500 35.69167 -190
14.63333 35.69167 -186
14.64167 35.69167 -171
14.65000 35.69167 -169
14.11667 35.68333 -532
14.12500 35.68333 -556
14.13333 35.68333 -542
14.14167 35.68333 -571
14.15000 35.68333 -560
14.15833 35.68333 -598
14.16667 35.68333 -597
14.17500 35.68333 -638
14.18333 35.68333 -642
14.19167 35.68333 -683
14.20000 35.68333 -688
14.20833 35.68333 -727
14.21667 35.68333 -731
14.22500 35.68333 -765
14.23333 35.68333 -766
14.24167 35.68333 -794
14.25000 35.68333 -791
14.25833 35.68333 -812
14.26667 35.68333 -803
14.27500 35.68333 -819
14.28333 35.68333 -806
14.29167 35.68333 -814
14.30000 35.68333 -795
14.30833 35.68333 -799
14.31667 35.68333 -776
14.32500 35.68333 -774
14.33333 35.68333 -745
14.34167 35.68333 -741
14.35000 35.68333 -710
14.35833 35.68333 -706
14.36667 35.68333 -674
14.37500 35.68333 -672
14.38333 35.68333 -641
14.39167 35.68333 -644
14.40000 35.68333 -618
14.40833 35.68333 -622
14.41667 35.68333 -597
14.42500 35.68333 -603
14.43333 35.68333 -580
14.44167 35.68333 -583
14.45000 35.68333 -561
14.45833 35.68333 -556
14.46667 35.68333 -528
14.47500 35.68333 -523
14.48333 35.68333 -495
14.49167 35.68333 -485
14.50000 35.68333 -450
14.50833 35.68333 -440
14.51667 35.68333 -403
14.52500 35.68333 -385
14.53333 35.68333 -337
14.54167 35.68333 -327
14.55000 35.68333 -281
14.55833 35.68333 -293
14.56667 35.68333 -267
14.57500 35.68333 -279
14.58333 35.68333 -258
14.59167 35.68333 -262
14.60000 35.68333 -232
14.60833 35.68333 -233
14.61667 35.68333 -198
14.62500 35.68333 -205
14.63333 35.68333 -174
14.64167 35.68333 -182
14.65000 35.68333 -149
14.11667 35.67500 -530
14.12500 35.67500 -528
14.13333 35.67500 -538
14.14167 35.67500 -538
14.15000 35.67500 -552
14.15833 35.67500 -558
14.16667 35.67500 -580
14.17500 35.67500 -591
14.18333 35.67500 -616
14.19167 35.67500 -630
14.20000 35.67500 -656
14.20833 35.67500 -670
14.21667 35.67500 -695
14.22500 35.67500 -707
14.23333 35.67500 -728
14.24167 35.67500 -736
14.25000 35.67500 -753
14.25833 35.67500 -756
14.26667 35.67500 -768
14.27500 35.67500 -766
14.28333 35.67500 -773
14.29167 35.67500 -765
14.30000 35.67500 -767
14.30833 35.67500 -755
14.31667 35.67500 -753
14.32500 35.67500 -736
14.33333 35.67500 -730
14.34167 35.67500 -711
14.35000 35.67500 -702
14.35833 35.67500 -682
14.36667 35.67500 -674
14.37500 35.67500 -654
14.38333 35.67500 -647
14.39167 35.67500 -630
14.40000 35.67500 -626
14.40833 35.67500 -611
14.41667 35.67500 -608
14.42500 35.67500 -594
14.43333 35.67500 -592
14.44167 35.67500 -578
14.45000 35.67500 -574
14.45833 35.67500 -556
14.46667 35.67500 -548
14.47500 35.67500 -527
14.48333 35.67500 -517
14.49167 35.67500 -493
14.50000 35.67500 -479
14.50833 35.67500 -452
14.51667 35.67500 -435
14.52500 35.67500 -402
14.53333 35.67500 -380
14.54167 35.67500 -348
14.55000 35.67500 -332
14.55833 35.67500 -312
14.56667 35.67500 -307
14.57500 35.67500 -293
14.58333 35.67500 -289
14.59167 35.67500 -271
14.60000 35.67500 -263
14.60833 35.67500 -242
14.61667 35.67500 -233
14.62500 35.67500 -213
14.63333 35.67500 -205
14.64167 35.67500 -187
14.65000 35.67500 -183
14.11667 35.66667 -496
14.12500 35.66667 -519
14.13333 35.66667 -497
14.14167 35.66667 -525
14.15000 35.66667 -505
14.15833 35.66667 -541
14.16667 35.66667 -525
14.17500 35.66667 -568
14.18333 35.66667 -554
14.19167 35.66667 -603
14.20000 35.66667 -589
14.20833 35.66667 -640
14.21667 35.66667 -626
14.22500 35.66667 -675
14.23333 35.66667 -658
14.24167 35.66667 -704
14.25000 35.66667 -683
14.25833 35.66667 -725
14.26667 35.66667 -700
14.27500 35.66667 -736
14.28333 35.66667 -707
14.29167 35.66667 -738
14.30000 35.66667 -706
14.30833 35.66667 -731
14.31667 35.66667 -697
14.32500 35.66667 -716
14.33333 35.66667 -681
14.34167 35.66667 -696
14.35000 35.66667 -660
14.35833 35.66667 -672
14.36667 35.66667 -638
14.37500 35.66667 -648
14.38333 35.66667 -616
14.39167 35.66667 -627
14.40000 35.66667 -599
14.40833 35.66667 -610
14.41667 35.66667 -584
14.42500 35.66667 -594
14.43333 35.66667 -570
14.44167 35.66667 -579
14.45000 35.66667 -554
14.45833 35.66667 -559
14.46667 35.66667 -533
14.47500 35.66667 -534
14.48333 35.66667 -507
14.49167 35.66667 -503
14.50000 35.66667 -475
14.50833 35.66667 -466
14.51667 35.66667 -435
14.52500 35.66667 -419
14.53333 35.66667 -386
14.54167 35.66667 -370
14.55000 35.66667 -342
14.55833 35.66667 -333
14.56667 35.66667 -311
14.57500 35.66667 -309
14.58333 35.66667 -288
14.59167 35.66667 -285
14.60000 35.66667 -260
14.60833 35.66667 -256
14.61667 35.66667 -231
14.62500 35.66667 -227
14.63333 35.66667 -201
14.64167 35.66667 -200
14.65000 35.66667 -177
